=== page 1
2025年４月１日時点
「スマートＥＸサービス」発売額（普通車指定席） （単位：円）
＜全区間「のぞみ」「みずほ」利用時・通常期・大人１名片道あたり＞
※閑散期利用時は発売額から200円（東海道・山陽・九州新幹線を跨る区間は400円）を引き、繁忙期利用時は発売額に200円（東海道・山陽・九州新幹線を跨る区間は400円）を加算し、最繁忙期利用時は発売額に400円（東海道・山陽・九州新幹線を跨る区間は800円）を加算する。
東京
品川 2,480 品川
新横浜 2,810 2,720 新横浜
小田原 小田原
熱海
三島
新富士
静岡
掛川
浜松
豊橋
三河安城
名古屋
岐阜羽島
熱海 三島 新富士 静岡 掛川 浜松 豊橋 三河安城 名古屋 11,100 11,100 10,440 岐阜羽島 米原 米原
京都 13,970 13,970 13,300 5,710 京都
新大阪 14,520 14,520 14,190 6,480 2,880 新大阪
新神戸 15,290 15,290 14,960 8,230 3,630 3,070 新神戸
西明石 16,150 16,150 15,390 8,770 4,160 3,370 2,820 西明石
姫路 16,370 16,370 16,150 9,100 5,500 3,870 3,370 2,990 姫路
相生 相生
岡山 17,570 17,570 17,240 11,410 7,900 6,260 5,820 3,930 岡山
新倉敷 新倉敷
福山 18,110 18,110 18,110 12,840 9,210 8,330 8,000 5,820 3,400 福山
新尾道 三原 東広島 東広島
広島 19,560 19,560 19,230 14,610 11,740 10,750 10,530 8,770 6,260 5,160 広島
新岩国 新岩国
徳山 20,970 20,970 20,640 16,460 13,500 12,840 11,630 11,080 8,770 6,590 4,100 徳山
新山口 21,860 21,860 21,300 16,680 14,500 13,390 13,170 11,630 9,430 8,770 5,490 3,180 新山口
厚狭 新下関 新下関
小倉 22,950 22,950 22,410 17,880 15,600 14,940 14,610 13,390 11,410 10,750 8,000 5,490 3,930 小倉
博多 23,610 23,610 23,280 19,110 16,580 15,820 15,490 14,610 13,170 11,630 9,430 6,590 5,820 3,580 博多
新鳥栖 久留米 26,050 26,050 25,720 21,440 19,020 17,100 16,880 16,220 14,780 13,240 11,040 8,310 7,650 4,680 2,590 久留米
筑後船小屋 新大牟田 新玉名 新八代 新水俣 出水 新尾道
三原
厚狭
新鳥栖
筑後船小屋
新大牟田
新玉名
熊本 28,460 28,460 28,130 23,850 21,430 20,030 19,700 19,370 18,150 16,720 14,520 12,010 11,350 8,380 5,640 4,270 熊本
新八代
新水俣
出水
川内 31,320 31,320 30,990 26,820 24,290 22,890 22,670 22,340 21,340 20,130 18,150 15,640 15,090 12,450 10,150 9,270 6,080 川内
鹿児島中央 32,590 32,590 32,260 27,980 25,560 24,160 23,830 23,610 22,610 21,290 19,640 17,460 16,580 13,940 11,750 10,870 7,770 2,810 鹿児島中央
=== page 2
2025年４月１日時点
「スマートＥＸサービス」発売額（普通車指定席） （単位：円）
＜全区間「ひかり」「こだま」「さくら」「つばめ」利用時・通常期・大人１名片道あたり＞
※閑散期利用時は発売額から200円（東海道・山陽・九州新幹線を跨る区間は400円）を引き、繁忙期利用時は発売額に200円（東海道・山陽・九州新幹線を跨る区間は400円）を加算し、最繁忙期利用時は発売額に400円（東海道・山陽・九州新幹線を跨る区間は800円）を加算する。
東京
品川 2,270 品川
新横浜 2,600 2,510 新横浜
小田原 3,610 3,430 3,080 小田原
熱海 4,070 4,070 3,430 2,510 熱海
三島 4,400 4,400 3,780 2,770 2,420 三島
新富士 5,500 5,500 4,840 3,260 2,860 2,600 新富士
静岡 6,270 6,270 5,500 3,780 3,430 3,080 2,680 静岡
掛川 7,800 7,800 7,470 5,500 5,170 4,840 3,610 2,950 掛川
浜松 8,240 8,240 7,800 5,940 5,500 5,170 4,840 3,430 2,600 浜松
豊橋 8,900 8,900 8,570 7,470 6,270 5,940 5,500 4,840 3,260 2,770 豊橋
三河安城 10,230 10,230 10,010 8,240 7,800 7,470 6,270 5,500 4,840 3,430 2,860 三河安城
名古屋 10,890 10,890 10,230 8,900 8,570 8,240 7,470 6,270 5,170 4,840 3,430 2,580 名古屋
岐阜羽島 11,110 11,110 10,890 10,010 8,900 8,570 8,240 7,470 5,940 5,170 4,840 3,090 2,690 岐阜羽島
米原 12,430 12,430 11,880 10,890 10,560 10,230 8,900 8,570 7,470 6,270 5,500 4,840 3,430 2,950 米原
京都 13,650 13,650 12,980 12,100 11,880 11,110 10,890 10,230 8,900 8,240 7,470 5,940 5,500 4,840 3,260 京都
新大阪 14,200 14,200 13,870 12,650 12,430 12,100 11,880 10,890 10,220 8,900 8,570 7,800 6,270 5,500 4,840 2,670 新大阪
新神戸 14,750 14,750 14,420 13,650 12,980 12,650 12,430 11,880 10,880 10,220 8,900 8,240 7,800 6,270 5,500 3,200 2,750 新神戸
西明石 15,510 15,510 14,750 13,870 13,650 12,980 12,650 12,100 11,100 10,550 10,000 8,570 8,240 7,470 5,940 3,730 3,050 2,500 西明石
姫路 15,730 15,730 15,510 14,420 13,870 13,870 12,980 12,650 11,880 11,100 10,550 10,000 8,570 8,240 6,270 5,070 3,550 3,050 2,670 姫路
相生 15,730 15,730 15,510 14,750 14,420 14,200 13,650 12,980 12,100 11,880 10,880 10,220 8,900 8,570 7,470 5,500 4,840 3,430 3,080 2,510 相生
岡山 16,930 16,930 16,600 15,730 15,510 15,510 14,750 14,200 13,650 12,650 12,100 11,100 10,880 10,220 8,900 7,470 5,940 5,500 5,170 3,610 3,260 岡山
新倉敷 16,930 16,930 16,930 15,730 15,730 15,510 15,510 14,420 13,870 13,650 12,650 12,100 11,100 10,880 10,000 8,240 7,470 5,940 5,500 4,840 3,780 2,600 新倉敷
福山 17,260 17,260 17,260 16,600 16,060 15,730 15,730 15,510 14,420 13,870 12,980 12,430 12,100 11,100 10,550 8,570 7,800 7,470 5,940 5,500 5,170 3,080 2,680 福山
新尾道 18,160 18,160 17,260 16,930 16,600 16,060 15,730 15,510 14,750 14,200 13,650 12,650 12,430 11,880 10,880 8,900 8,240 7,800 6,270 5,940 5,500 3,430 3,080 2,510 新尾道
三原 18,160 18,160 17,260 16,930 16,600 16,600 15,730 15,730 14,750 14,420 13,870 12,980 12,430 12,100 10,880 10,000 8,570 7,800 7,470 5,940 5,500 3,610 3,260 2,680 2,330 三原
東広島 18,380 18,380 18,160 17,260 16,930 16,930 16,600 16,060 15,510 15,510 14,420 13,870 12,980 12,650 11,880 10,550 10,000 8,570 8,240 7,470 6,270 5,170 4,840 3,430 3,080 2,770 東広島
広島 18,710 18,710 18,380 18,160 17,260 17,260 16,930 16,600 15,730 15,510 15,510 14,200 13,870 12,980 12,430 11,100 10,220 10,000 8,900 8,240 7,800 5,940 5,170 4,840 3,610 3,430 2,680 広島
新岩国 19,580 19,580 19,250 18,380 18,160 18,160 17,260 16,930 16,600 15,730 15,730 14,750 14,420 13,870 12,980 12,100 10,880 10,550 10,220 8,900 8,570 7,470 5,940 5,500 5,170 4,840 3,430 2,860 新岩国
徳山 19,910 19,910 19,580 18,710 18,710 18,380 18,380 18,160 16,930 16,930 16,060 15,730 15,510 14,750 14,200 12,650 12,100 11,100 10,880 10,550 10,220 8,240 7,800 6,270 5,940 5,940 5,170 3,780 3,080 徳山
新山口 20,800 20,800 20,240 19,580 19,580 19,250 18,710 18,380 17,590 17,260 16,930 16,060 15,730 15,510 14,750 13,650 12,650 12,430 11,880 11,100 10,880 8,900 8,570 8,240 7,800 7,470 5,940 5,170 3,780 2,860 新山口
厚狭 21,130 21,130 20,800 19,910 19,910 19,580 19,580 18,710 18,160 18,160 17,260 16,930 16,060 15,730 15,510 14,200 13,650 12,650 12,430 12,100 11,430 10,220 10,000 8,570 8,240 8,240 6,600 5,940 5,170 3,430 2,770 厚狭
新下関 21,350 21,350 21,130 20,800 19,910 19,910 19,580 19,250 18,380 18,160 17,260 16,930 16,930 16,060 15,730 14,420 13,870 13,310 12,980 12,430 12,100 10,880 10,220 9,230 8,900 8,570 7,800 6,270 5,500 4,840 3,260 2,600 新下関
小倉 21,890 21,890 21,350 20,800 20,800 19,910 19,910 19,580 18,710 18,380 18,160 17,260 16,930 16,600 15,730 14,750 14,200 13,870 12,980 12,650 12,430 10,880 10,550 10,220 9,230 8,900 8,240 7,470 5,940 5,170 3,610 2,950 2,420 小倉
博多 22,550 22,550 22,220 21,350 21,130 21,130 20,800 19,910 19,580 19,580 18,710 18,380 18,160 17,260 16,930 15,730 15,080 14,750 14,420 13,870 13,650 12,430 12,100 11,100 10,880 10,550 10,000 8,900 8,240 6,270 5,500 4,840 3,610 3,260 博多
新鳥栖 24,950 24,950 24,620 23,750 23,420 23,420 23,200 22,310 21,980 21,650 20,780 20,450 20,450 19,660 19,330 18,130 16,320 16,100 15,770 15,440 15,220 13,670 13,450 12,450 12,120 12,120 11,570 10,250 9,590 7,950 6,960 6,520 5,090 4,030 2,380 新鳥栖
久留米 24,990 24,990 24,660 23,790 23,460 23,460 23,240 22,350 22,020 21,690 21,150 20,490 20,490 19,700 19,370 18,170 16,360 16,140 16,140 15,480 15,260 14,040 13,490 12,710 12,490 12,160 11,610 10,510 9,630 7,990 7,330 6,560 5,460 4,360 2,590 1,990 久留米
筑後船小屋 25,110 25,110 25,110 23,910 23,910 23,580 23,580 22,800 22,470 22,140 21,270 20,940 20,610 19,820 19,490 18,290 17,000 17,000 16,780 16,450 16,120 14,680 14,350 13,350 13,130 13,130 12,580 11,150 10,600 9,070 7,970 7,640 6,100 5,000 3,020 2,280 2,170 筑後船小屋
新大牟田 26,090 26,090 25,760 24,890 24,560 24,560 24,230 23,450 23,120 22,790 21,920 21,590 21,590 20,690 20,470 19,270 17,980 17,650 17,430 17,430 17,100 15,660 15,330 14,330 14,000 14,000 13,450 12,130 11,580 10,050 8,950 8,620 7,080 5,980 3,850 2,710 2,480 2,170 新大牟田
新玉名 26,190 26,190 26,190 24,990 24,990 24,660 24,660 23,770 23,550 23,220 22,350 22,020 21,690 20,790 20,570 19,370 18,080 18,080 17,750 17,530 17,530 15,980 15,760 14,650 14,430 14,430 13,880 12,560 11,900 10,480 9,380 9,050 7,620 6,410 4,470 3,850 3,640 2,590 2,280 新玉名
熊本 27,400 27,400 27,070 26,200 25,870 25,870 25,540 24,650 24,430 24,430 23,560 23,230 22,900 22,000 21,670 20,580 19,290 18,960 18,960 18,630 18,410 17,410 16,860 16,190 15,860 15,530 14,980 13,990 13,440 11,690 11,030 10,260 9,160 8,060 5,640 4,270 4,270 3,850 2,810 2,380 熊本
新八代 27,840 27,840 27,620 26,750 26,420 26,420 26,090 25,200 24,870 24,650 23,780 23,450 23,450 22,550 22,220 21,130 19,840 19,510 19,180 19,180 18,850 17,960 17,630 16,630 16,410 16,410 15,750 14,430 13,880 12,460 11,580 11,250 9,710 8,610 6,520 6,080 5,640 4,470 4,270 3,850 2,480 新八代
新水俣 29,090 29,090 28,760 28,000 27,670 27,670 27,340 26,450 26,120 25,790 25,030 24,700 24,700 23,800 23,470 22,270 21,090 20,760 20,760 20,430 20,100 19,430 19,210 18,430 18,100 17,880 17,330 15,900 15,350 13,930 13,380 12,830 11,730 10,630 8,210 7,770 7,330 6,520 6,080 5,640 4,070 2,710 新水俣
出水 29,820 29,820 29,820 28,730 28,730 28,400 28,400 27,510 27,180 26,850 25,980 25,760 25,430 24,530 24,200 23,000 21,820 21,490 21,490 21,160 21,160 20,160 19,940 19,160 18,830 18,830 18,280 16,960 16,410 14,990 14,110 13,780 12,460 11,360 9,270 8,210 7,770 7,330 6,520 5,640 4,470 3,640 2,170 出水
川内 30,260 30,260 29,930 29,060 28,840 28,840 28,510 27,950 27,290 27,290 26,420 26,090 25,870 24,970 24,640 23,440 22,150 21,930 21,930 21,600 21,270 20,600 20,270 19,600 19,600 19,270 18,720 17,620 17,070 15,320 14,770 14,220 13,120 12,130 10,150 9,270 9,270 8,210 7,770 7,330 6,080 4,470 2,810 2,480 川内
鹿児島中央 31,530 31,530 31,200 30,330 30,330 30,000 30,000 29,220 28,560 28,560 27,690 27,360 27,030 26,240 25,910 24,710 23,420 23,090 23,090 22,870 22,870 21,870 21,540 20,760 20,760 20,760 20,540 19,110 18,560 17,140 16,260 16,040 14,720 13,620 11,750 11,310 10,870 9,710 9,270 8,210 7,770 6,080 4,470 4,070 2,810 鹿児島中央
=== page 3
2025年４月１日時点
「スマートＥＸサービス」発売額（普通車指定席） （単位：円）
＜全区間「のぞみ」「みずほ」利用時・通常期・小児１名片道あたり＞
※閑散期利用時は発売額から100円（東海道・山陽・九州新幹線を跨る区間は200円）を引き、繁忙期利用時は発売額に100円（東海道・山陽・九州新幹線を跨る区間は200円）を加算し、最繁忙期利用時は発売額に200円（東海道・山陽・九州新幹線を跨る区間は400円）を加算する。
東京
品川 1,240 品川
新横浜 1,400 1,360 新横浜
小田原 小田原
熱海
三島
新富士
静岡
掛川
浜松
豊橋
三河安城
名古屋
岐阜羽島
熱海 三島 新富士 静岡 掛川 浜松 豊橋 三河安城 名古屋 5,550 5,550 5,220 岐阜羽島 米原 米原
京都 6,980 6,980 6,640 2,850 京都
新大阪 7,250 7,250 7,090 3,230 1,440 新大阪
新神戸 7,640 7,640 7,470 4,110 1,810 1,530 新神戸
西明石 8,070 8,070 7,690 4,380 2,080 1,680 1,400 西明石
姫路 8,180 8,180 8,070 4,550 2,740 1,930 1,680 1,490 姫路
相生 相生
岡山 8,780 8,780 8,620 5,700 3,950 3,130 2,910 1,960 岡山
新倉敷 新倉敷
福山 9,050 9,050 9,050 6,410 4,600 4,160 4,000 2,910 1,690 福山
新尾道 三原 東広島 東広島
広島 9,780 9,780 9,610 7,300 5,870 5,370 5,260 4,380 3,130 2,580 広島
新岩国 新岩国
徳山 10,480 10,480 10,310 8,220 6,750 6,410 5,810 5,530 4,380 3,290 2,040 徳山
新山口 10,920 10,920 10,640 8,330 7,250 6,690 6,580 5,810 4,710 4,380 2,740 1,580 新山口
厚狭 新下関 新下関
小倉 11,470 11,470 11,200 8,930 7,800 7,460 7,300 6,690 5,700 5,370 4,000 2,740 1,960 小倉
博多 11,800 11,800 11,630 9,550 8,280 7,900 7,740 7,300 6,580 5,810 4,710 3,290 2,910 1,780 博多
新鳥栖 久留米 13,020 13,020 12,850 10,720 9,500 8,540 8,430 8,100 7,380 6,610 5,510 4,150 3,820 2,330 1,290 久留米
筑後船小屋 新大牟田 新玉名 新八代 新水俣 出水 新尾道
三原
厚狭
新鳥栖
筑後船小屋
新大牟田
新玉名
熊本 14,220 14,220 14,060 11,920 10,710 10,000 9,840 9,670 9,060 8,350 7,250 6,000 5,670 4,180 2,820 2,130 熊本
新八代
新水俣
出水
川内 15,650 15,650 15,490 13,410 12,140 11,430 11,320 11,160 10,660 10,050 9,070 7,810 7,540 6,220 5,070 4,630 3,040 川内
鹿児島中央 16,290 16,290 16,120 13,990 12,770 12,070 11,900 11,790 11,290 10,630 9,810 8,720 8,280 6,960 5,870 5,430 3,880 1,400 鹿児島中央
=== page 4
2025年４月１日時点
「スマートＥＸサービス」発売額（普通車指定席） （単位：円）
＜全区間「ひかり」「こだま」「さくら」「つばめ」利用時・通常期・小児１名片道あたり＞
※閑散期利用時は発売額から100円（東海道・山陽・九州新幹線を跨る区間は200円）を引き、繁忙期利用時は発売額に100円（東海道・山陽・九州新幹線を跨る区間は200円）を加算し、最繁忙期利用時は発売額に200円（東海道・山陽・九州新幹線を跨る区間は400円）を加算する。
東京
品川 1,130 品川
新横浜 1,290 1,250 新横浜
小田原 1,800 1,710 1,530 小田原
熱海 2,030 2,030 1,710 1,250 熱海
三島 2,190 2,190 1,880 1,380 1,200 三島
新富士 2,750 2,750 2,420 1,620 1,420 1,290 新富士
静岡 3,130 3,130 2,750 1,880 1,710 1,530 1,330 静岡
掛川 3,890 3,890 3,730 2,750 2,580 2,420 1,800 1,470 掛川
浜松 4,110 4,110 3,890 2,970 2,750 2,580 2,420 1,710 1,290 浜松
豊橋 4,440 4,440 4,280 3,730 3,130 2,970 2,750 2,420 1,620 1,380 豊橋
三河安城 5,110 5,110 5,000 4,110 3,890 3,730 3,130 2,750 2,420 1,710 1,420 三河安城
名古屋 5,440 5,440 5,110 4,440 4,280 4,110 3,730 3,130 2,580 2,420 1,710 1,280 名古屋
岐阜羽島 5,550 5,550 5,440 5,000 4,440 4,280 4,110 3,730 2,970 2,580 2,420 1,540 1,340 岐阜羽島
米原 6,210 6,210 5,930 5,440 5,270 5,110 4,440 4,280 3,730 3,130 2,750 2,420 1,710 1,470 米原
京都 6,820 6,820 6,480 6,040 5,930 5,550 5,440 5,110 4,440 4,110 3,730 2,970 2,750 2,420 1,620 京都
新大阪 7,090 7,090 6,930 6,320 6,210 6,040 5,930 5,440 5,110 4,440 4,280 3,890 3,130 2,750 2,420 1,330 新大阪
新神戸 7,370 7,370 7,200 6,820 6,480 6,320 6,210 5,930 5,440 5,110 4,440 4,110 3,890 3,130 2,750 1,590 1,370 新神戸
西明石 7,750 7,750 7,370 6,930 6,820 6,480 6,320 6,040 5,550 5,270 5,000 4,280 4,110 3,730 2,970 1,860 1,520 1,240 西明石
姫路 7,860 7,860 7,750 7,200 6,930 6,930 6,480 6,320 5,930 5,550 5,270 5,000 4,280 4,110 3,130 2,530 1,770 1,520 1,330 姫路
相生 7,860 7,860 7,750 7,370 7,200 7,090 6,820 6,480 6,040 5,930 5,440 5,110 4,440 4,280 3,730 2,750 2,420 1,710 1,530 1,250 相生
岡山 8,460 8,460 8,300 7,860 7,750 7,750 7,370 7,090 6,820 6,320 6,040 5,550 5,440 5,110 4,440 3,730 2,970 2,750 2,580 1,800 1,620 岡山
新倉敷 8,460 8,460 8,460 7,860 7,860 7,750 7,750 7,200 6,930 6,820 6,320 6,040 5,550 5,440 5,000 4,110 3,730 2,970 2,750 2,420 1,880 1,290 新倉敷
福山 8,630 8,630 8,630 8,300 8,030 7,860 7,860 7,750 7,200 6,930 6,480 6,210 6,040 5,550 5,270 4,280 3,890 3,730 2,970 2,750 2,580 1,530 1,330 福山
新尾道 9,070 9,070 8,630 8,460 8,300 8,030 7,860 7,750 7,370 7,090 6,820 6,320 6,210 5,930 5,440 4,440 4,110 3,890 3,130 2,970 2,750 1,710 1,530 1,250 新尾道
三原 9,070 9,070 8,630 8,460 8,300 8,300 7,860 7,860 7,370 7,200 6,930 6,480 6,210 6,040 5,440 5,000 4,280 3,890 3,730 2,970 2,750 1,800 1,620 1,330 1,160 三原
東広島 9,180 9,180 9,070 8,630 8,460 8,460 8,300 8,030 7,750 7,750 7,200 6,930 6,480 6,320 5,930 5,270 5,000 4,280 4,110 3,730 3,130 2,580 2,420 1,710 1,530 1,380 東広島
広島 9,350 9,350 9,180 9,070 8,630 8,630 8,460 8,300 7,860 7,750 7,750 7,090 6,930 6,480 6,210 5,550 5,110 5,000 4,440 4,110 3,890 2,970 2,580 2,420 1,800 1,710 1,330 広島
新岩国 9,780 9,780 9,620 9,180 9,070 9,070 8,630 8,460 8,300 7,860 7,860 7,370 7,200 6,930 6,480 6,040 5,440 5,270 5,110 4,440 4,280 3,730 2,970 2,750 2,580 2,420 1,710 1,420 新岩国
徳山 9,950 9,950 9,780 9,350 9,350 9,180 9,180 9,070 8,460 8,460 8,030 7,860 7,750 7,370 7,090 6,320 6,040 5,550 5,440 5,270 5,110 4,110 3,890 3,130 2,970 2,970 2,580 1,880 1,530 徳山
新山口 10,390 10,390 10,110 9,780 9,780 9,620 9,350 9,180 8,790 8,630 8,460 8,030 7,860 7,750 7,370 6,820 6,320 6,210 5,930 5,550 5,440 4,440 4,280 4,110 3,890 3,730 2,970 2,580 1,880 1,420 新山口
厚狭 10,560 10,560 10,390 9,950 9,950 9,780 9,780 9,350 9,070 9,070 8,630 8,460 8,030 7,860 7,750 7,090 6,820 6,320 6,210 6,040 5,710 5,110 5,000 4,280 4,110 4,110 3,300 2,970 2,580 1,710 1,380 厚狭
新下関 10,670 10,670 10,560 10,390 9,950 9,950 9,780 9,620 9,180 9,070 8,630 8,460 8,460 8,030 7,860 7,200 6,930 6,650 6,480 6,210 6,040 5,440 5,110 4,610 4,440 4,280 3,890 3,130 2,750 2,420 1,620 1,290 新下関
小倉 10,940 10,940 10,670 10,390 10,390 9,950 9,950 9,780 9,350 9,180 9,070 8,630 8,460 8,300 7,860 7,370 7,090 6,930 6,480 6,320 6,210 5,440 5,270 5,110 4,610 4,440 4,110 3,730 2,970 2,580 1,800 1,470 1,200 小倉
博多 11,270 11,270 11,100 10,670 10,560 10,560 10,390 9,950 9,780 9,780 9,350 9,180 9,070 8,630 8,460 7,860 7,530 7,370 7,200 6,930 6,820 6,210 6,040 5,550 5,440 5,270 5,000 4,440 4,110 3,130 2,750 2,420 1,800 1,620 博多
新鳥栖 12,470 12,470 12,300 11,870 11,700 11,700 11,590 11,150 10,980 10,820 10,380 10,220 10,220 9,830 9,660 9,060 8,150 8,040 7,870 7,710 7,600 6,820 6,710 6,220 6,050 6,050 5,780 5,110 4,780 3,970 3,470 3,250 2,530 2,010 1,190 新鳥栖
久留米 12,490 12,490 12,320 11,890 11,720 11,720 11,610 11,170 11,000 10,840 10,570 10,240 10,240 9,850 9,680 9,080 8,170 8,060 8,060 7,730 7,620 7,010 6,730 6,350 6,240 6,070 5,800 5,240 4,800 3,990 3,660 3,270 2,720 2,170 1,290 990 久留米
筑後船小屋 12,550 12,550 12,550 11,950 11,950 11,780 11,780 11,390 11,230 11,060 10,630 10,460 10,300 9,910 9,740 9,140 8,490 8,490 8,380 8,210 8,050 7,330 7,160 6,670 6,560 6,560 6,280 5,560 5,290 4,530 3,980 3,810 3,040 2,490 1,510 1,140 1,080 筑後船小屋
新大牟田 13,040 13,040 12,870 12,440 12,270 12,270 12,110 11,720 11,550 11,390 10,950 10,790 10,790 10,340 10,230 9,630 8,980 8,810 8,700 8,700 8,540 7,820 7,650 7,160 6,990 6,990 6,720 6,050 5,780 5,020 4,470 4,300 3,530 2,980 1,920 1,350 1,240 1,080 新大牟田
新玉名 13,090 13,090 13,090 12,490 12,490 12,320 12,320 11,880 11,770 11,600 11,170 11,000 10,840 10,390 10,280 9,680 9,030 9,030 8,860 8,750 8,750 7,980 7,870 7,320 7,210 7,210 6,930 6,270 5,940 5,230 4,680 4,520 3,800 3,200 2,230 1,920 1,820 1,290 1,140 新玉名
熊本 13,690 13,690 13,530 13,090 12,930 12,930 12,760 12,320 12,210 12,210 11,770 11,610 11,440 11,000 10,830 10,290 9,630 9,470 9,470 9,300 9,190 8,690 8,420 8,090 7,920 7,760 7,480 6,980 6,710 5,840 5,510 5,120 4,570 4,020 2,820 2,130 2,130 1,920 1,400 1,190 熊本
新八代 13,910 13,910 13,800 13,370 13,200 13,200 13,040 12,590 12,430 12,320 11,880 11,720 11,720 11,270 11,110 10,560 9,910 9,740 9,580 9,580 9,410 8,970 8,800 8,310 8,200 8,200 7,870 7,200 6,930 6,220 5,780 5,620 4,840 4,300 3,260 3,040 2,820 2,230 2,130 1,920 1,240 新八代
新水俣 14,530 14,530 14,370 13,990 13,820 13,820 13,660 13,210 13,050 12,880 12,500 12,340 12,340 11,890 11,730 11,130 10,540 10,370 10,370 10,210 10,040 9,710 9,600 9,210 9,050 8,940 8,660 7,940 7,670 6,960 6,690 6,410 5,860 5,310 4,100 3,880 3,660 3,260 3,040 2,820 2,030 1,350 新水俣
出水 14,900 14,900 14,900 14,360 14,360 14,190 14,190 13,750 13,580 13,420 12,980 12,870 12,710 12,260 12,100 11,500 10,900 10,730 10,730 10,570 10,570 10,070 9,960 9,570 9,410 9,410 9,130 8,470 8,190 7,490 7,050 6,880 6,220 5,670 4,630 4,100 3,880 3,660 3,260 2,820 2,230 1,820 1,080 出水
川内 15,120 15,120 14,960 14,520 14,410 14,410 14,250 13,970 13,640 13,640 13,200 13,040 12,930 12,480 12,320 11,720 11,060 10,950 10,950 10,790 10,620 10,290 10,120 9,790 9,790 9,630 9,350 8,800 8,520 7,650 7,380 7,100 6,550 6,060 5,070 4,630 4,630 4,100 3,880 3,660 3,040 2,230 1,400 1,240 川内
鹿児島中央 15,760 15,760 15,590 15,160 15,160 14,990 14,990 14,600 14,270 14,270 13,840 13,670 13,510 13,120 12,950 12,350 11,700 11,530 11,530 11,420 11,420 10,920 10,760 10,370 10,370 10,370 10,260 9,540 9,270 8,560 8,120 8,010 7,350 6,800 5,870 5,650 5,430 4,850 4,630 4,100 3,880 3,040 2,230 2,030 1,400 鹿児島中央
