=== page 1
1-1 「のぞみ」「みずほ」の普通車指定席及びグリーン車をご利用の際の加算額（単位:円）
東京 品川 新横浜 名古屋 京都 新大阪 新神戸 西明石 姫路 岡山 福山 広島 徳山 新山口 小倉 博多
現行 210
品川 品川
改定 210
現行 210 210
新横浜 新横浜
改定 210 210
現行 210 210 210
名古屋
改定 210 210 210
名古屋
現行 320 320 320 210
京都 京都
改定 320 320 320 210
新神戸
現行 320 320 320 210 210
新大阪 新大阪
改定 320 320 320 210 210
現行 430 430 430 320 320 210
新神戸
現行 530 530 530 420 320 210 210
西明石 西明石
改定 640 640 640 530 430 320 320
改定 540 540 540 430 430 320
現行 530 530 530 420 320 210 210
姫路 福山 広島 改定 640 640 640 530 430 320 320
姫路
現行 530 530 530 420 320 210 210 210 210
岡山 岡山
改定 640 640 640 530 430 320 320 320 320
現行 530 530 530 420 320 210 210 210 210
改定 850 850 850 740 640 530 530 320 320
現行 530 530 530 420 320 210 210 福山
210 210 210
改定 850 850 850 740 640 530 530 530 320 320
現行 640 640 640 530 430 320 210 広島
210 210 210 210
徳山 改定 1,060 1,060 1,060 950 850 740 530 530 530 320 320
現行 640 640 640 530 430 320 320 徳山
210 210 210 210 210
改定 1,060 1,060 1,060 950 850 740 740 530 530 530 320 320
現行 640 640 640 530 430 320 320 新山口
320 210 210 210 210 210
改定 1,060 1,060 1,060 950 850 740 740 740 530 530 530 320 320
現行 640 640 640 530 430 320 320 小倉
320 320 210 210 210 210 210
博多
新山口 小倉 博多 ※東海道・山陽新幹線の「のぞみ」「みずほ」の乗車区間に対する上記の加算額を、全区間に対する「ひかり」「さくら」「こだま」「つばめ」の普通車指定席及びグリーン車の発売額に加算します。
※上記の加算額は、乗継駅で新幹線の改札口を出ない場合に限ります。
※上記の改定額は予定です。今後変更となる可能性がございます。
改定 1,060 1,060 1,060 950 850 740 740 740 740 530 530 320 320 320
=== page 2
1-2 スマートEXサービス 発売額（単位:円）
■普通車指定席（のぞみ・みずほ号ご利用時）:おとな1名片道
東京 品川 新横浜 名古屋 京都 新大阪 新神戸 西明石 姫路 岡山 福山 広島 徳山 新山口 小倉 博多
現行 2,470
品川 品川
改定 2,480
現行 2,810 2,720
新横浜 新横浜
改定 2,810 2,720
現行 11,100 11,100 10,440
名古屋 名古屋
改定 11,100 11,100 10,440
現行 13,970 13,970 13,300 5,710
京都 京都
改定 13,970 13,970 13,300 5,710
現行 14,520 14,520 14,190 6,480 2,870
新大阪 新大阪
改定 14,520 14,520 14,190 6,480 2,880
現行 15,180 15,180 14,850 8,120 3,510 2,950
新神戸 新神戸
改定 15,290 15,290 14,960 8,230 3,630 3,070
現行 16,040 16,040 15,280 8,660 4,020 3,240 2,700
西明石 西明石
改定 16,150 16,150 15,390 8,770 4,140 3,360 2,820
現行 16,260 16,260 16,040 8,990 5,490 3,820 3,290
姫路 福山 改定 16,370 16,370 16,150 9,100 5,600 3,930 3,400
姫路
現行 17,460 17,460 17,130 11,300 7,790 6,150 5,710 5,380 3,820
岡山 岡山
改定 17,570 17,570 17,240 11,410 7,900 6,260 5,820 5,490 3,930
現行 17,790 17,790 17,790 12,520 8,890 8,010 7,680 5,710 3,290
改定 18,110 18,110 18,110 12,840 9,210 8,330 8,000 5,820 3,400
現行 19,240 19,240 18,910 14,290 11,420 10,430 10,210 福山
8,450 6,150 5,050
広島 改定 19,560 19,560 19,230 14,610 11,740 10,750 10,530 8,770 6,260 5,160
現行 20,550 20,550 20,220 16,040 13,080 12,420 11,310 広島
10,760 8,450 6,480 3,990
徳山 改定 20,970 20,970 20,640 16,460 13,500 12,840 11,630 11,080 8,770 6,590 4,100
現行 21,440 21,440 20,880 16,260 14,080 12,970 12,750 徳山
11,310 9,110 8,450 5,380 3,070
改定 21,860 21,860 21,300 16,680 14,500 13,390 13,170 11,630 9,430 8,770 5,490 3,180
現行 22,530 22,530 21,990 17,460 15,180 14,520 14,190 新山口
12,970 11,090 10,430 7,680 5,380 3,820
小倉
改定 22,950 22,950 22,410 17,880 15,600 14,940 14,610 13,390 11,410 10,750 8,000 5,490 3,930
現行 23,190 23,190 22,860 18,690 16,160 15,400 15,070 14,190 12,750 11,310 9,110 6,480 5,710 3,470
博多
新山口 小倉 博多 ※東海道・山陽新幹線の全区間にて「のぞみ」「みずほ」を利用した場合の発売額です。新幹線を乗り継ぐ予約で、一部区間のみ「のぞみ」「みずほ」をご利用の場合は、記載の発売額と異なる場合があります。
※通常期にご利用の場合の発売額です。閑散期にご利用の場合は200円引き、繁忙期にご利用の場合は200円を加算、最繁忙期にご利用の場合は400円を加算します。
※上記の改定額は予定です。今後変更となる可能性がございます。
改定 23,610 23,610 23,280 19,110 16,580 15,820 15,490 14,610 13,170 11,630 9,430 6,590 5,820 3,580
=== page 3
1-2 スマートEXサービス 発売額（単位:円）
■普通車指定席（のぞみ・みずほ号ご利用時）:こども1名片道
東京 品川 新横浜 名古屋 京都 新大阪 新神戸 西明石 姫路 岡山 福山 広島 徳山 新山口 小倉 博多
現行 1,230
品川 品川
改定 1,240
現行 1,400 1,360
新横浜 新横浜
改定 1,400 1,360
現行 5,550 5,550 5,220
名古屋 名古屋
改定 5,550 5,550 5,220
現行 6,980 6,980 6,640 2,850
京都 京都
改定 6,980 6,980 6,640 2,850
現行 7,250 7,250 7,090 3,230 1,430
新大阪 新大阪
改定 7,250 7,250 7,090 3,230 1,440
西明石
現行 7,590 7,590 7,420 4,050 1,750 1,470
新神戸 新神戸
改定 7,640 7,640 7,470 4,110 1,810 1,530
現行 8,010 8,010 7,640 4,320 2,000 1,620 1,350
西明石
改定 8,070 8,070 7,690 4,380 2,070 1,670 1,400
現行 8,120 8,120 8,010 4,490 2,740 1,910 1,640
姫路 福山 改定 8,180 8,180 8,070 4,550 2,790 1,960 1,690
姫路
現行 8,720 8,720 8,560 5,650 3,890 3,070 2,850 2,680 1,910
岡山 岡山
改定 8,780 8,780 8,620 5,700 3,950 3,130 2,910 2,740 1,960
現行 8,890 8,890 8,890 6,250 4,440 4,000 3,840 2,850 1,640
改定 9,050 9,050 9,050 6,410 4,600 4,160 4,000 2,910 1,690
現行 9,620 9,620 9,450 7,140 5,710 5,210 5,100 福山
4,220 3,070 2,520
広島 改定 9,780 9,780 9,610 7,300 5,870 5,370 5,260 4,380 3,130 2,580
現行 10,270 10,270 10,100 8,010 6,540 6,200 5,650 広島
5,370 4,220 3,230 1,990
徳山 改定 10,480 10,480 10,310 8,220 6,750 6,410 5,810 5,530 4,380 3,290 2,040
現行 10,710 10,710 10,430 8,120 7,040 6,480 6,370 徳山
5,650 4,550 4,220 2,680 1,530
改定 10,920 10,920 10,640 8,330 7,250 6,690 6,580 5,810 4,710 4,380 2,740 1,580
現行 11,260 11,260 10,990 8,720 7,590 7,250 7,090 新山口
6,480 5,540 5,210 3,840 2,680 1,910
小倉
改定 11,470 11,470 11,200 8,930 7,800 7,460 7,300 6,690 5,700 5,370 4,000 2,740 1,960
現行 11,590 11,590 11,420 9,340 8,070 7,690 7,530 7,090 6,370 5,650 4,550 3,230 2,850 1,730
博多
新山口 小倉 博多 ※東海道・山陽新幹線の全区間にて「のぞみ」「みずほ」を利用した場合の発売額です。新幹線を乗り継ぐ予約で、一部区間のみ「のぞみ」「みずほ」をご利用の場合は、記載の発売額と異なる場合があります。
※通常期にご利用の場合の発売額です。閑散期にご利用の場合は100円引き、繁忙期にご利用の場合は100円を加算、最繁忙期にご利用の場合は200円を加算します。
※上記の改定額は予定です。今後変更となる可能性がございます。
改定 11,800 11,800 11,630 9,550 8,280 7,900 7,740 7,300 6,580 5,810 4,710 3,290 2,910 1,780
=== page 4
1-2 スマートEXサービス 発売額（単位:円）
■グリーン車用（のぞみ・みずほ号ご利用時）:おとな1名片道
東京 品川 新横浜 名古屋 京都 新大阪 新神戸 西明石 姫路 岡山 福山 広島 徳山 新山口 小倉 博多
現行 3,240
品川 品川
改定 3,250
現行 3,580 3,490
新横浜 新横浜
改定 3,580 3,490
現行 14,760 14,760 14,100
名古屋 名古屋
改定 14,760 14,760 14,100
現行 18,840 18,840 18,170 7,980
京都 京都
改定 18,840 18,840 18,170 7,980
現行 19,390 19,390 19,060 8,750 3,640
新大阪 新大阪
改定 19,390 19,390 19,060 8,750 3,650
現行 20,050 20,050 19,720 11,780 4,280 3,720
新神戸 新神戸
改定 20,160 20,160 19,830 11,890 4,400 3,840
現行 22,110 22,110 20,150 12,320 4,790 4,010 3,470
西明石
西明石
改定 22,220 22,220 20,260 12,430 4,910 4,130 3,590
現行 22,330 22,330 22,110 12,650 7,760 4,590 4,060
改定 22,440 22,440 22,220 12,760 7,870 4,700 4,170
姫路
現行 23,530 23,530 23,200 14,960 11,450 8,420 7,980 7,650 4,590
岡山 岡山
改定 23,640 23,640 23,310 15,070 11,560 8,530 8,090 7,760 4,700
現行 23,860 23,860 23,860 17,390 12,550 11,670 11,340 7,980 4,060
改定 24,180 24,180 24,180 17,710 12,870 11,990 11,660 8,090 4,170
現行 26,500 26,500 26,170 19,160 15,080 14,090 13,870 福山
12,110 8,420 7,320
改定 26,820 26,820 26,490 19,480 15,400 14,410 14,190 12,430 8,530 7,430
現行 27,810 27,810 27,480 22,110 17,950 17,290 14,970 広島
14,420 12,110 8,750 4,760
改定 28,230 28,230 27,900 22,530 18,370 17,710 15,290 14,740 12,430 8,860 4,870
現行 28,700 28,700 28,140 22,330 18,950 17,840 17,620 徳山
14,970 12,770 12,110 7,650 3,840
姫路 福山 広島 徳山 新山口 小倉 博多 ※東海道・山陽新幹線の全区間にて「のぞみ」「みずほ」を利用した場合の発売額です。新幹線を乗り継ぐ予約で、一部区間のみ「のぞみ」「みずほ」をご利用の場合は、記載の発売額と異なる場合があります。
※通常期にご利用の場合の発売額です。閑散期にご利用の場合は200円引き、繁忙期にご利用の場合は200円を加算、最繁忙期にご利用の場合は400円を加算します。
※全区間グリーン車を利用した場合の発売額です。新幹線を乗り継ぐ予約で、一部区間のみグリーン車をご利用の場合は、記載の発売額と異なる場合があります。
※上記の改定額は予定です。今後変更となる可能性がございます。
改定 29,120 29,120 28,560 22,750 19,370 18,260 18,040 15,290 13,090 12,430 7,760 3,950
現行 29,790 29,790 29,250 23,530 20,050 19,390 19,060 新山口
17,840 14,750 14,090 11,340 7,650 4,590
小倉
改定 30,210 30,210 29,670 23,950 20,470 19,810 19,480 18,260 15,070 14,410 11,660 7,760 4,700
現行 30,450 30,450 30,120 25,950 22,230 21,470 19,940 19,060 17,620 14,970 12,770 8,750 7,980 4,240
博多
改定 30,870 30,870 30,540 26,370 22,650 21,890 20,360 19,480 18,040 15,290 13,090 8,860 8,090 4,350
=== page 5
1-2 スマートEXサービス 発売額（単位:円）
■グリーン車用（のぞみ・みずほ号ご利用時）:こども1名片道
東京 品川 新横浜 名古屋 京都 新大阪 新神戸 西明石 姫路 岡山 福山 広島 徳山 新山口 小倉 博多
現行 2,260
品川 品川
改定 2,270
現行 2,430 2,390
新横浜 新横浜
改定 2,430 2,390
現行 9,470 9,470 9,140
名古屋 名古屋
改定 9,470 9,470 9,140
現行 12,120 12,120 11,780 5,390
京都 京都
改定 12,120 12,120 11,780 5,390
現行 12,390 12,390 12,230 5,770 2,460
新大阪 新大阪
改定 12,390 12,390 12,230 5,770 2,470
現行 12,720 12,720 12,550 7,980 2,790 2,500
新神戸 新神戸
改定 12,780 12,780 12,610 8,030 2,840 2,570
現行 14,350 14,350 12,770 8,250 3,040 2,650 2,380
西明石
西明石
改定 14,400 14,400 12,830 8,300 3,100 2,710 2,440
現行 14,460 14,460 14,350 8,420 5,270 2,940 2,670
改定 14,510 14,510 14,400 8,470 5,330 3,000 2,730
姫路
現行 15,060 15,060 14,900 9,570 7,820 5,610 5,390 5,220 2,940
岡山 岡山
改定 15,110 15,110 14,950 9,630 7,870 5,660 5,440 5,270 3,000
現行 15,230 15,230 15,230 11,390 8,370 7,920 7,760 5,390 2,670
改定 15,390 15,390 15,390 11,550 8,530 8,080 7,920 5,440 2,730
現行 17,140 17,140 16,970 12,280 9,630 9,140 9,030 福山
8,140 5,610 5,060
改定 17,300 17,300 17,130 12,440 9,790 9,300 9,190 8,300 5,660 5,110
現行 17,800 17,800 17,630 14,350 11,670 11,340 9,580 広島
9,300 8,140 5,770 3,020
改定 18,010 18,010 17,840 14,560 11,880 11,550 9,740 9,460 8,300 5,820 3,080
現行 18,240 18,240 17,960 14,460 12,170 11,620 11,510 徳山
9,580 8,470 8,140 5,220 2,560
姫路 福山 広島 徳山 新山口 小倉 博多 ※東海道・山陽新幹線の全区間にて「のぞみ」「みずほ」を利用した場合の発売額です。新幹線を乗り継ぐ予約で、一部区間のみ「のぞみ」「みずほ」をご利用の場合は、記載の発売額と異なる場合があります。
※通常期にご利用の場合の発売額です。閑散期にご利用の場合は100円引き、繁忙期にご利用の場合は100円を加算、最繁忙期にご利用の場合は200円を加算します。
※全区間グリーン車を利用した場合の発売額です。新幹線を乗り継ぐ予約で、一部区間のみグリーン車をご利用の場合は、記載の発売額と異なる場合があります。
※上記の改定額は予定です。今後変更となる可能性がございます。
改定 18,450 18,450 18,170 14,670 12,380 11,830 11,720 9,740 8,630 8,300 5,270 2,620
現行 18,790 18,790 18,520 15,060 12,720 12,390 12,230 新山口
11,620 9,470 9,140 7,760 5,220 2,940
小倉
改定 19,000 19,000 18,730 15,270 12,930 12,600 12,440 11,830 9,630 9,300 7,920 5,270 3,000
現行 19,120 19,120 18,950 16,860 14,410 14,030 12,670 12,230 11,510 9,580 8,470 5,770 5,390 2,760
博多
改定 19,330 19,330 19,160 17,070 14,620 14,240 12,880 12,440 11,720 9,740 8,630 5,820 5,440 2,820
=== page 6
別紙1-3 スマートEXサービス 発売額（単位:円）
■普通車指定席（ひかり・こだま・さくら・つばめ号ご利用時）:おとな1名片道
東京
現行 2,260
品川 品川
改定 2,270
現行 2,600 2,510
新横浜 新横浜
改定 2,600 2,510
現行 3,610 3,430 3,080
小田原 小田原
改定 3,610 3,430 3,080
現行 4,070 4,070 3,430 2,510
熱海 熱海
改定 4,070 4,070 3,430 2,510
現行 4,400 4,400 3,780 2,770 2,420
三島 三島
改定 4,400 4,400 3,780 2,770 2,420
現行 5,500 5,500 4,840 3,260 2,860 2,600
新富士 新富士
改定 5,500 5,500 4,840 3,260 2,860 2,600
現行 6,270 6,270 5,500 3,780 3,430 3,080 2,680
静岡 静岡
改定 6,270 6,270 5,500 3,780 3,430 3,080 2,680
現行 7,800 7,800 7,470 5,500 5,170 4,840 3,610 2,950
掛川 掛川
改定 7,800 7,800 7,470 5,500 5,170 4,840 3,610 2,950
現行 8,240 8,240 7,800 5,940 5,500 5,170 4,840 3,430 2,600
浜松 浜松
改定 8,240 8,240 7,800 5,940 5,500 5,170 4,840 3,430 2,600
現行 8,900 8,900 8,570 7,470 6,270 5,940 5,500 4,840 3,260 2,770
豊橋 豊橋
改定 8,900 8,900 8,570 7,470 6,270 5,940 5,500 4,840 3,260 2,770
現行 10,230 10,230 10,010 8,240 7,800 7,470 6,270 5,500 4,840 3,430 2,860
三河安城 三河安城
改定 10,230 10,230 10,010 8,240 7,800 7,470 6,270 5,500 4,840 3,430 2,860
現行 10,890 10,890 10,230 8,900 8,570 8,240 7,470 6,270 5,170 4,840 3,430 2,570
名古屋 名古屋
改定 10,890 10,890 10,230 8,900 8,570 8,240 7,470 6,270 5,170 4,840 3,430 2,570
現行 11,110 11,110 10,890 10,010 8,900 8,570 8,240 7,470 5,940 5,170 4,840 3,080 2,680
岐阜羽島 岐阜羽島
改定 11,110 11,110 10,890 10,010 8,900 8,570 8,240 7,470 5,940 5,170 4,840 3,080 2,680
現行 12,430 12,430 11,880 10,890 10,560 10,230 8,900 8,570 7,470 6,270 5,500 4,840 3,430 2,950
米原 米原
改定 12,430 12,430 11,880 10,890 10,560 10,230 8,900 8,570 7,470 6,270 5,500 4,840 3,430 2,950
現行 13,650 13,650 12,980 12,100 11,880 11,110 10,890 10,230 8,900 8,240 7,470 5,940 5,500 4,840 3,260
京都 京都
改定 13,650 13,650 12,980 12,100 11,880 11,110 10,890 10,230 8,900 8,240 7,470 5,940 5,500 4,840 3,260
現行 14,200 14,200 13,870 12,650 12,430 12,100 11,880 10,890 10,220 8,900 8,570 7,800 6,270 5,500 4,840 2,660
新大阪 新大阪
改定 14,200 14,200 13,870 12,650 12,430 12,100 11,880 10,890 10,220 8,900 8,570 7,800 6,270 5,500 4,840 2,670
現行 14,750 14,750 14,420 13,650 12,980 12,650 12,430 11,880 10,880 10,220 8,900 8,240 7,800 6,270 5,500 3,190 2,740
新神戸 新神戸
改定 14,750 14,750 14,420 13,650 12,980 12,650 12,430 11,880 10,880 10,220 8,900 8,240 7,800 6,270 5,500 3,200 2,750
現行 15,510 15,510 14,750 13,870 13,650 12,980 12,650 12,100 11,100 10,550 10,000 8,570 8,240 7,470 5,940 3,700 3,030 2,490
西明石 西明石
改定 15,510 15,510 14,750 13,870 13,650 12,980 12,650 12,100 11,100 10,550 10,000 8,570 8,240 7,470 5,940 3,710 3,040 2,500
現行 15,730 15,730 15,510 14,420 13,870 13,870 12,980 12,650 11,880 11,100 10,550 10,000 8,570 8,240 6,270 5,170 3,610 3,080 2,680
姫路 姫路
改定 15,730 15,730 15,510 14,420 13,870 13,870 12,980 12,650 11,880 11,100 10,550 10,000 8,570 8,240 6,270 5,170 3,610 3,080 2,680
現行 15,730 15,730 15,510 14,750 14,420 14,200 13,650 12,980 12,100 11,880 10,880 10,220 8,900 8,570 7,470 5,500 4,840 3,430 3,080 2,510
相生 相生
改定 15,730 15,730 15,510 14,750 14,420 14,200 13,650 12,980 12,100 11,880 10,880 10,220 8,900 8,570 7,470 5,500 4,840 3,430 3,080 2,510
現行 16,930 16,930 16,600 15,730 15,510 15,510 14,750 14,200 13,650 12,650 12,100 11,100 10,880 10,220 8,900 7,470 5,940 5,500 5,170 3,610 3,260
岡山 岡山
改定 16,930 16,930 16,600 15,730 15,510 15,510 14,750 14,200 13,650 12,650 12,100 11,100 10,880 10,220 8,900 7,470 5,940 5,500 5,170 3,610 3,260
現行 16,930 16,930 16,930 15,730 15,730 15,510 15,510 14,420 13,870 13,650 12,650 12,100 11,100 10,880 10,000 8,240 7,470 5,940 5,500 4,840 3,780 2,600
新倉敷 新倉敷
改定 16,930 16,930 16,930 15,730 15,730 15,510 15,510 14,420 13,870 13,650 12,650 12,100 11,100 10,880 10,000 8,240 7,470 5,940 5,500 4,840 3,780 2,600
現行 17,260 17,260 17,260 16,600 16,060 15,730 15,730 15,510 14,420 13,870 12,980 12,430 12,100 11,100 10,550 8,570 7,800 7,470 5,940 5,500 5,170 3,080 2,680
福山 福山
改定 17,260 17,260 17,260 16,600 16,060 15,730 15,730 15,510 14,420 13,870 12,980 12,430 12,100 11,100 10,550 8,570 7,800 7,470 5,940 5,500 5,170 3,080 2,680
現行 18,160 18,160 17,260 16,930 16,600 16,060 15,730 15,510 14,750 14,200 13,650 12,650 12,430 11,880 10,880 8,900 8,240 7,800 6,270 5,940 5,500 3,430 3,080 2,510
新尾道 新尾道
改定 18,160 18,160 17,260 16,930 16,600 16,060 15,730 15,510 14,750 14,200 13,650 12,650 12,430 11,880 10,880 8,900 8,240 7,800 6,270 5,940 5,500 3,430 3,080 2,510
現行 18,160 18,160 17,260 16,930 16,600 16,600 15,730 15,730 14,750 14,420 13,870 12,980 12,430 12,100 10,880 10,000 8,570 7,800 7,470 5,940 5,500 3,610 3,260 2,680 2,330
三原 三原
改定 18,160 18,160 17,260 16,930 16,600 16,600 15,730 15,730 14,750 14,420 13,870 12,980 12,430 12,100 10,880 10,000 8,570 7,800 7,470 5,940 5,500 3,610 3,260 2,680 2,330
現行 18,380 18,380 18,160 17,260 16,930 16,930 16,600 16,060 15,510 15,510 14,420 13,870 12,980 12,650 11,880 10,550 10,000 8,570 8,240 7,470 6,270 5,170 4,840 3,430 3,080 2,770
東広島 東広島
改定 18,380 18,380 18,160 17,260 16,930 16,930 16,600 16,060 15,510 15,510 14,420 13,870 12,980 12,650 11,880 10,550 10,000 8,570 8,240 7,470 6,270 5,170 4,840 3,430 3,080 2,770
現行 18,710 18,710 18,380 18,160 17,260 17,260 16,930 16,600 15,730 15,510 15,510 14,200 13,870 12,980 12,430 11,100 10,220 10,000 8,900 8,240 7,800 5,940 5,170 4,840 3,610 3,430 2,680
広島 広島
改定 18,710 18,710 18,380 18,160 17,260 17,260 16,930 16,600 15,730 15,510 15,510 14,200 13,870 12,980 12,430 11,100 10,220 10,000 8,900 8,240 7,800 5,940 5,170 4,840 3,610 3,430 2,680
現行 19,580 19,580 19,250 18,380 18,160 18,160 17,260 16,930 16,600 15,730 15,730 14,750 14,420 13,870 12,980 12,100 10,880 10,550 10,220 8,900 8,570 7,470 5,940 5,500 5,170 4,840 3,430 2,860
新岩国 新岩国
改定 19,580 19,580 19,250 18,380 18,160 18,160 17,260 16,930 16,600 15,730 15,730 14,750 14,420 13,870 12,980 12,100 10,880 10,550 10,220 8,900 8,570 7,470 5,940 5,500 5,170 4,840 3,430 2,860
現行 19,910 19,910 19,580 18,710 18,710 18,380 18,380 18,160 16,930 16,930 16,060 15,730 15,510 14,750 14,200 12,650 12,100 11,100 10,880 10,550 10,220 8,240 7,800 6,270 5,940 5,940 5,170 3,780 3,080
徳山 徳山
改定 19,910 19,910 19,580 18,710 18,710 18,380 18,380 18,160 16,930 16,930 16,060 15,730 15,510 14,750 14,200 12,650 12,100 11,100 10,880 10,550 10,220 8,240 7,800 6,270 5,940 5,940 5,170 3,780 3,080
現行 20,800 20,800 20,240 19,580 19,580 19,250 18,710 18,380 17,590 17,260 16,930 16,060 15,730 15,510 14,750 13,650 12,650 12,430 11,880 11,100 10,880 8,900 8,570 8,240 7,800 7,470 5,940 5,170 3,780 2,860
新山口 新山口
改定 20,800 20,800 20,240 19,580 19,580 19,250 18,710 18,380 17,590 17,260 16,930 16,060 15,730 15,510 14,750 13,650 12,650 12,430 11,880 11,100 10,880 8,900 8,570 8,240 7,800 7,470 5,940 5,170 3,780 2,860
現行 21,130 21,130 20,800 19,910 19,910 19,580 19,580 18,710 18,160 18,160 17,260 16,930 16,060 15,730 15,510 14,200 13,650 12,650 12,430 12,100 11,430 10,220 10,000 8,570 8,240 8,240 6,600 5,940 5,170 3,430 2,770
厚狭 厚狭
改定 21,130 21,130 20,800 19,910 19,910 19,580 19,580 18,710 18,160 18,160 17,260 16,930 16,060 15,730 15,510 14,200 13,650 12,650 12,430 12,100 11,430 10,220 10,000 8,570 8,240 8,240 6,600 5,940 5,170 3,430 2,770
現行 21,350 21,350 21,130 20,800 19,910 19,910 19,580 19,250 18,380 18,160 17,260 16,930 16,930 16,060 15,730 14,420 13,870 13,310 12,980 12,430 12,100 10,880 10,220 9,230 8,900 8,570 7,800 6,270 5,500 4,840 3,260 2,600
新下関 新下関
改定 21,350 21,350 21,130 20,800 19,910 19,910 19,580 19,250 18,380 18,160 17,260 16,930 16,930 16,060 15,730 14,420 13,870 13,310 12,980 12,430 12,100 10,880 10,220 9,230 8,900 8,570 7,800 6,270 5,500 4,840 3,260 2,600
現行 21,890 21,890 21,350 20,800 20,800 19,910 19,910 19,580 18,710 18,380 18,160 17,260 16,930 16,600 15,730 14,750 14,200 13,870 12,980 12,650 12,430 10,880 10,550 10,220 9,230 8,900 8,240 7,470 5,940 5,170 3,610 2,950 2,420
小倉 小倉
改定 21,890 21,890 21,350 20,800 20,800 19,910 19,910 19,580 18,710 18,380 18,160 17,260 16,930 16,600 15,730 14,750 14,200 13,870 12,980 12,650 12,430 10,880 10,550 10,220 9,230 8,900 8,240 7,470 5,940 5,170 3,610 2,950 2,420
現行 22,550 22,550 22,220 21,350 21,130 21,130 20,800 19,910 19,580 19,580 18,710 18,380 18,160 17,260 16,930 15,730 15,080 14,750 14,420 13,870 13,650 12,430 12,100 11,100 10,880 10,550 10,000 8,900 8,240 6,270 5,500 4,840 3,610 3,260
博多 博多
改定 22,550 22,550 22,220 21,350 21,130 21,130 20,800 19,910 19,580 19,580 18,710 18,380 18,160 17,260 16,930 15,730 15,080 14,750 14,420 13,870 13,650 12,430 12,100 11,100 10,880 10,550 10,000 8,900 8,240 6,270 5,500 4,840 3,610 3,260
現行 24,730 24,730 24,400 23,530 23,200 23,200 22,980 22,090 21,760 21,430 20,560 20,230 20,230 19,440 19,110 17,910 16,230 16,010 15,680 15,350 15,130 13,580 13,360 12,360 12,030 12,030 11,480 10,160 9,500 7,860 6,870 6,430 5,000 3,940 2,160
新鳥栖
新鳥栖
改定 24,730 24,730 24,400 23,530 23,200 23,200 22,980 22,090 21,760 21,430 20,560 20,230 20,230 19,440 19,110 17,910 16,230 16,010 15,680 15,350 15,130 13,580 13,360 12,360 12,030 12,030 11,480 10,160 9,500 7,860 6,870 6,430 5,000 3,940 2,160
現行 24,750 24,750 24,420 23,550 23,220 23,220 23,000 22,110 21,780 21,450 20,910 20,250 20,250 19,460 19,130 17,930 16,250 16,030 16,030 15,370 15,150 13,930 13,380 12,600 12,380 12,050 11,500 10,400 9,520 7,880 7,220 6,450 5,350 4,250 2,350 1,820
久留米
久留米
改定 24,750 24,750 24,420 23,550 23,220 23,220 23,000 22,110 21,780 21,450 20,910 20,250 20,250 19,460 19,130 17,930 16,250 16,030 16,030 15,370 15,150 13,930 13,380 12,600 12,380 12,050 11,500 10,400 9,520 7,880 7,220 6,450 5,350 4,250 2,350 1,820
現行 24,810 24,810 24,810 23,610 23,610 23,280 23,280 22,500 22,170 21,840 20,970 20,640 20,310 19,520 19,190 17,990 16,700 16,700 16,480 16,150 15,820 14,380 14,050 13,050 12,830 12,830 12,280 10,850 10,300 8,770 7,670 7,340 5,800 4,700 2,720 2,070 1,970
筑後船小屋
筑後船小屋
改定 24,810 24,810 24,810 23,610 23,610 23,280 23,280 22,500 22,170 21,840 20,970 20,640 20,310 19,520 19,190 17,990 16,700 16,700 16,480 16,150 15,820 14,380 14,050 13,050 12,830 12,830 12,280 10,850 10,300 8,770 7,670 7,340 5,800 4,700 2,720 2,070 1,970
現行 25,640 25,640 25,310 24,440 24,110 24,110 23,780 23,000 22,670 22,340 21,470 21,140 21,140 20,240 20,020 18,820 17,530 17,200 16,980 16,980 16,650 15,210 14,880 13,880 13,550 13,550 13,000 11,680 11,130 9,600 8,500 8,170 6,630 5,530 3,400 2,450 2,250 1,970
新大牟田
新大牟田
改定 25,640 25,640 25,310 24,440 24,110 24,110 23,780 23,000 22,670 22,340 21,470 21,140 21,140 20,240 20,020 18,820 17,530 17,200 16,980 16,980 16,650 15,210 14,880 13,880 13,550 13,550 13,000 11,680 11,130 9,600 8,500 8,170 6,630 5,530 3,400 2,450 2,250 1,970
現行 25,660 25,660 25,660 24,460 24,460 24,130 24,130 23,240 23,020 22,690 21,820 21,490 21,160 20,260 20,040 18,840 17,550 17,550 17,220 17,000 17,000 15,450 15,230 14,120 13,900 13,900 13,350 12,030 11,370 9,950 8,850 8,520 7,090 5,880 3,940 3,400 3,220 2,350 2,070
新玉名
新玉名
改定 25,660 25,660 25,660 24,460 24,460 24,130 24,130 23,240 23,020 22,690 21,820 21,490 21,160 20,260 20,040 18,840 17,550 17,550 17,220 17,000 17,000 15,450 15,230 14,120 13,900 13,900 13,350 12,030 11,370 9,950 8,850 8,520 7,090 5,880 3,940 3,400 3,220 2,350 2,070
現行 26,790 26,790 26,460 25,590 25,260 25,260 24,930 24,040 23,820 23,820 22,950 22,620 22,290 21,390 21,060 19,970 18,680 18,350 18,350 18,020 17,800 16,800 16,250 15,580 15,250 14,920 14,370 13,380 12,830 11,080 10,420 9,650 8,550 7,450 5,030 3,770 3,770 3,400 2,540 2,160
熊本
熊本
改定 26,790 26,790 26,460 25,590 25,260 25,260 24,930 24,040 23,820 23,820 22,950 22,620 22,290 21,390 21,060 19,970 18,680 18,350 18,350 18,020 17,800 16,800 16,250 15,580 15,250 14,920 14,370 13,380 12,830 11,080 10,420 9,650 8,550 7,450 5,030 3,770 3,770 3,400 2,540 2,160
現行 27,040 27,040 26,820 25,950 25,620 25,620 25,290 24,400 24,070 23,850 22,980 22,650 22,650 21,750 21,420 20,330 19,040 18,710 18,380 18,380 18,050 17,160 16,830 15,830 15,610 15,610 14,950 13,630 13,080 11,660 10,780 10,450 8,910 7,810 5,720 5,390 5,030 3,940 3,770 3,400 2,250
新八代
新八代
改定 27,040 27,040 26,820 25,950 25,620 25,620 25,290 24,400 24,070 23,850 22,980 22,650 22,650 21,750 21,420 20,330 19,040 18,710 18,380 18,380 18,050 17,160 16,830 15,830 15,610 15,610 14,950 13,630 13,080 11,660 10,780 10,450 8,910 7,810 5,720 5,390 5,030 3,940 3,770 3,400 2,250
現行 28,190 28,190 27,860 27,100 26,770 26,770 26,440 25,550 25,220 24,890 24,130 23,800 23,800 22,900 22,570 21,370 20,190 19,860 19,860 19,530 19,200 18,530 18,310 17,530 17,200 16,980 16,430 15,000 14,450 13,030 12,480 11,930 10,830 9,730 7,310 6,870 6,430 5,720 5,390 5,030 3,590 2,450
新水俣
新水俣
現行 28,820 28,820 28,820 27,730 27,730 27,400 27,400 26,510 26,180 25,850 24,980 24,760 24,430 23,530 23,200 22,000 20,820 20,490 20,490 20,160 20,160 19,160 18,940 18,160 17,830 17,830 17,280 15,960 15,410 13,990 13,110 12,780 11,460 10,360 8,270 7,310 6,870 6,430 5,720 5,030 3,940 3,220 1,970
出水
川内
鹿児島中央
※通常期にご利用の場合の発売額です。閑散期にご利用の場合は200円引き（東海道・山陽・九州新幹線を跨る区間は400円引き）、繁忙期にご利用の場合は200円を加算（東海道・山陽・九州新幹線を跨る区間は400円を加算）、最繁忙期にご利用の場合は400円を加算（東海道・山陽・九州新幹線を跨る区間は800円を加算）します。
※上記の改定額は予定です。今後変更となる可能性がございます。
改定 28,190 28,190 27,860 27,100 26,770 26,770 26,440 25,550 25,220 24,890 24,130 23,800 23,800 22,900 22,570 21,370 20,190 19,860 19,860 19,530 19,200 18,530 18,310 17,530 17,200 16,980 16,430 15,000 14,450 13,030 12,480 11,930 10,830 9,730 7,310 6,870 6,430 5,720 5,390 5,030 3,590 2,450
出水
改定 28,820 28,820 28,820 27,730 27,730 27,400 27,400 26,510 26,180 25,850 24,980 24,760 24,430 23,530 23,200 22,000 20,820 20,490 20,490 20,160 20,160 19,160 18,940 18,160 17,830 17,830 17,280 15,960 15,410 13,990 13,110 12,780 11,460 10,360 8,270 7,310 6,870 6,430 5,720 5,030 3,940 3,220 1,970
現行 29,150 29,150 28,820 27,950 27,730 27,730 27,400 26,840 26,180 26,180 25,310 24,980 24,760 23,860 23,530 22,330 21,040 20,820 20,820 20,490 20,160 19,490 19,160 18,490 18,490 18,160 17,610 16,510 15,960 14,210 13,660 13,110 12,010 11,020 9,040 8,270 8,270 7,310 6,870 6,430 5,390 3,940 2,540 2,250
川内
改定 29,150 29,150 28,820 27,950 27,730 27,730 27,400 26,840 26,180 26,180 25,310 24,980 24,760 23,860 23,530 22,330 21,040 20,820 20,820 20,490 20,160 19,490 19,160 18,490 18,490 18,160 17,610 16,510 15,960 14,210 13,660 13,110 12,010 11,020 9,040 8,270 8,270 7,310 6,870 6,430 5,390 3,940 2,540 2,250
現行 30,220 30,220 29,890 29,020 29,020 28,690 28,690 27,910 27,250 27,250 26,380 26,050 25,720 24,930 24,600 23,400 22,110 21,780 21,780 21,560 21,560 20,560 20,230 19,450 19,450 19,450 19,230 17,800 17,250 15,830 14,950 14,730 13,410 12,310 10,440 10,110 9,670 8,600 8,270 7,310 6,870 5,390 3,940 3,590 2,540
鹿児島中央
改定 30,220 30,220 29,890 29,020 29,020 28,690 28,690 27,910 27,250 27,250 26,380 26,050 25,720 24,930 24,600 23,400 22,110 21,780 21,780 21,560 21,560 20,560 20,230 19,450 19,450 19,450 19,230 17,800 17,250 15,830 14,950 14,730 13,410 12,310 10,440 10,110 9,670 8,600 8,270 7,310 6,870 5,390 3,940 3,590 2,540
=== page 7
別紙1-3 スマートEXサービス 発売額（単位:円）
■普通車指定席（ひかり・こだま・さくら・つばめ号ご利用時）:こども1名片道
東京
現行 1,120
品川 品川
改定 1,130
現行 1,290 1,250
新横浜 新横浜
改定 1,290 1,250
現行 1,800 1,710 1,530
小田原 小田原
改定 1,800 1,710 1,530
現行 2,030 2,030 1,710 1,250
熱海 熱海
改定 2,030 2,030 1,710 1,250
現行 2,190 2,190 1,880 1,380 1,200
三島 三島
改定 2,190 2,190 1,880 1,380 1,200
現行 2,750 2,750 2,420 1,620 1,420 1,290
新富士 新富士
改定 2,750 2,750 2,420 1,620 1,420 1,290
現行 3,130 3,130 2,750 1,880 1,710 1,530 1,330
静岡 静岡
改定 3,130 3,130 2,750 1,880 1,710 1,530 1,330
現行 3,890 3,890 3,730 2,750 2,580 2,420 1,800 1,470
掛川 掛川
改定 3,890 3,890 3,730 2,750 2,580 2,420 1,800 1,470
現行 4,110 4,110 3,890 2,970 2,750 2,580 2,420 1,710 1,290
浜松 浜松
改定 4,110 4,110 3,890 2,970 2,750 2,580 2,420 1,710 1,290
現行 4,440 4,440 4,280 3,730 3,130 2,970 2,750 2,420 1,620 1,380
豊橋 豊橋
改定 4,440 4,440 4,280 3,730 3,130 2,970 2,750 2,420 1,620 1,380
現行 5,110 5,110 5,000 4,110 3,890 3,730 3,130 2,750 2,420 1,710 1,420
三河安城 三河安城
改定 5,110 5,110 5,000 4,110 3,890 3,730 3,130 2,750 2,420 1,710 1,420
現行 5,440 5,440 5,110 4,440 4,280 4,110 3,730 3,130 2,580 2,420 1,710 1,280
名古屋 名古屋
改定 5,440 5,440 5,110 4,440 4,280 4,110 3,730 3,130 2,580 2,420 1,710 1,280
現行 5,550 5,550 5,440 5,000 4,440 4,280 4,110 3,730 2,970 2,580 2,420 1,530 1,330
岐阜羽島 岐阜羽島
改定 5,550 5,550 5,440 5,000 4,440 4,280 4,110 3,730 2,970 2,580 2,420 1,530 1,330
現行 6,210 6,210 5,930 5,440 5,270 5,110 4,440 4,280 3,730 3,130 2,750 2,420 1,710 1,470
米原 米原
改定 6,210 6,210 5,930 5,440 5,270 5,110 4,440 4,280 3,730 3,130 2,750 2,420 1,710 1,470
現行 6,820 6,820 6,480 6,040 5,930 5,550 5,440 5,110 4,440 4,110 3,730 2,970 2,750 2,420 1,620
京都 京都
改定 6,820 6,820 6,480 6,040 5,930 5,550 5,440 5,110 4,440 4,110 3,730 2,970 2,750 2,420 1,620
現行 7,090 7,090 6,930 6,320 6,210 6,040 5,930 5,440 5,110 4,440 4,280 3,890 3,130 2,750 2,420 1,320
新大阪 新大阪
改定 7,090 7,090 6,930 6,320 6,210 6,040 5,930 5,440 5,110 4,440 4,280 3,890 3,130 2,750 2,420 1,330
現行 7,370 7,370 7,200 6,820 6,480 6,320 6,210 5,930 5,440 5,110 4,440 4,110 3,890 3,130 2,750 1,590 1,360
新神戸 新神戸
改定 7,370 7,370 7,200 6,820 6,480 6,320 6,210 5,930 5,440 5,110 4,440 4,110 3,890 3,130 2,750 1,590 1,370
現行 7,750 7,750 7,370 6,930 6,820 6,480 6,320 6,040 5,550 5,270 5,000 4,280 4,110 3,730 2,970 1,840 1,510 1,240
西明石 西明石
改定 7,750 7,750 7,370 6,930 6,820 6,480 6,320 6,040 5,550 5,270 5,000 4,280 4,110 3,730 2,970 1,850 1,510 1,240
現行 7,860 7,860 7,750 7,200 6,930 6,930 6,480 6,320 5,930 5,550 5,270 5,000 4,280 4,110 3,130 2,580 1,800 1,530 1,330
姫路 姫路
改定 7,860 7,860 7,750 7,200 6,930 6,930 6,480 6,320 5,930 5,550 5,270 5,000 4,280 4,110 3,130 2,580 1,800 1,530 1,330
現行 7,860 7,860 7,750 7,370 7,200 7,090 6,820 6,480 6,040 5,930 5,440 5,110 4,440 4,280 3,730 2,750 2,420 1,710 1,530 1,250
相生 相生
改定 7,860 7,860 7,750 7,370 7,200 7,090 6,820 6,480 6,040 5,930 5,440 5,110 4,440 4,280 3,730 2,750 2,420 1,710 1,530 1,250
現行 8,460 8,460 8,300 7,860 7,750 7,750 7,370 7,090 6,820 6,320 6,040 5,550 5,440 5,110 4,440 3,730 2,970 2,750 2,580 1,800 1,620
岡山 岡山
改定 8,460 8,460 8,300 7,860 7,750 7,750 7,370 7,090 6,820 6,320 6,040 5,550 5,440 5,110 4,440 3,730 2,970 2,750 2,580 1,800 1,620
現行 8,460 8,460 8,460 7,860 7,860 7,750 7,750 7,200 6,930 6,820 6,320 6,040 5,550 5,440 5,000 4,110 3,730 2,970 2,750 2,420 1,880 1,290
新倉敷 新倉敷
改定 8,460 8,460 8,460 7,860 7,860 7,750 7,750 7,200 6,930 6,820 6,320 6,040 5,550 5,440 5,000 4,110 3,730 2,970 2,750 2,420 1,880 1,290
現行 8,630 8,630 8,630 8,300 8,030 7,860 7,860 7,750 7,200 6,930 6,480 6,210 6,040 5,550 5,270 4,280 3,890 3,730 2,970 2,750 2,580 1,530 1,330
福山 福山
改定 8,630 8,630 8,630 8,300 8,030 7,860 7,860 7,750 7,200 6,930 6,480 6,210 6,040 5,550 5,270 4,280 3,890 3,730 2,970 2,750 2,580 1,530 1,330
現行 9,070 9,070 8,630 8,460 8,300 8,030 7,860 7,750 7,370 7,090 6,820 6,320 6,210 5,930 5,440 4,440 4,110 3,890 3,130 2,970 2,750 1,710 1,530 1,250
新尾道 新尾道
改定 9,070 9,070 8,630 8,460 8,300 8,030 7,860 7,750 7,370 7,090 6,820 6,320 6,210 5,930 5,440 4,440 4,110 3,890 3,130 2,970 2,750 1,710 1,530 1,250
現行 9,070 9,070 8,630 8,460 8,300 8,300 7,860 7,860 7,370 7,200 6,930 6,480 6,210 6,040 5,440 5,000 4,280 3,890 3,730 2,970 2,750 1,800 1,620 1,330 1,160
三原 三原
改定 9,070 9,070 8,630 8,460 8,300 8,300 7,860 7,860 7,370 7,200 6,930 6,480 6,210 6,040 5,440 5,000 4,280 3,890 3,730 2,970 2,750 1,800 1,620 1,330 1,160
現行 9,180 9,180 9,070 8,630 8,460 8,460 8,300 8,030 7,750 7,750 7,200 6,930 6,480 6,320 5,930 5,270 5,000 4,280 4,110 3,730 3,130 2,580 2,420 1,710 1,530 1,380
東広島 東広島
改定 9,180 9,180 9,070 8,630 8,460 8,460 8,300 8,030 7,750 7,750 7,200 6,930 6,480 6,320 5,930 5,270 5,000 4,280 4,110 3,730 3,130 2,580 2,420 1,710 1,530 1,380
現行 9,350 9,350 9,180 9,070 8,630 8,630 8,460 8,300 7,860 7,750 7,750 7,090 6,930 6,480 6,210 5,550 5,110 5,000 4,440 4,110 3,890 2,970 2,580 2,420 1,800 1,710 1,330
広島 広島
改定 9,350 9,350 9,180 9,070 8,630 8,630 8,460 8,300 7,860 7,750 7,750 7,090 6,930 6,480 6,210 5,550 5,110 5,000 4,440 4,110 3,890 2,970 2,580 2,420 1,800 1,710 1,330
現行 9,780 9,780 9,620 9,180 9,070 9,070 8,630 8,460 8,300 7,860 7,860 7,370 7,200 6,930 6,480 6,040 5,440 5,270 5,110 4,440 4,280 3,730 2,970 2,750 2,580 2,420 1,710 1,420
新岩国 新岩国
改定 9,780 9,780 9,620 9,180 9,070 9,070 8,630 8,460 8,300 7,860 7,860 7,370 7,200 6,930 6,480 6,040 5,440 5,270 5,110 4,440 4,280 3,730 2,970 2,750 2,580 2,420 1,710 1,420
現行 9,950 9,950 9,780 9,350 9,350 9,180 9,180 9,070 8,460 8,460 8,030 7,860 7,750 7,370 7,090 6,320 6,040 5,550 5,440 5,270 5,110 4,110 3,890 3,130 2,970 2,970 2,580 1,880 1,530
徳山 徳山
改定 9,950 9,950 9,780 9,350 9,350 9,180 9,180 9,070 8,460 8,460 8,030 7,860 7,750 7,370 7,090 6,320 6,040 5,550 5,440 5,270 5,110 4,110 3,890 3,130 2,970 2,970 2,580 1,880 1,530
現行 10,390 10,390 10,110 9,780 9,780 9,620 9,350 9,180 8,790 8,630 8,460 8,030 7,860 7,750 7,370 6,820 6,320 6,210 5,930 5,550 5,440 4,440 4,280 4,110 3,890 3,730 2,970 2,580 1,880 1,420
新山口 新山口
改定 10,390 10,390 10,110 9,780 9,780 9,620 9,350 9,180 8,790 8,630 8,460 8,030 7,860 7,750 7,370 6,820 6,320 6,210 5,930 5,550 5,440 4,440 4,280 4,110 3,890 3,730 2,970 2,580 1,880 1,420
現行 10,560 10,560 10,390 9,950 9,950 9,780 9,780 9,350 9,070 9,070 8,630 8,460 8,030 7,860 7,750 7,090 6,820 6,320 6,210 6,040 5,710 5,110 5,000 4,280 4,110 4,110 3,300 2,970 2,580 1,710 1,380
厚狭
厚狭
改定 10,560 10,560 10,390 9,950 9,950 9,780 9,780 9,350 9,070 9,070 8,630 8,460 8,030 7,860 7,750 7,090 6,820 6,320 6,210 6,040 5,710 5,110 5,000 4,280 4,110 4,110 3,300 2,970 2,580 1,710 1,380
現行 10,670 10,670 10,560 10,390 9,950 9,950 9,780 9,620 9,180 9,070 8,630 8,460 8,460 8,030 7,860 7,200 6,930 6,650 6,480 6,210 6,040 5,440 5,110 4,610 4,440 4,280 3,890 3,130 2,750 2,420 1,620 1,290
新下関
新下関
改定 10,670 10,670 10,560 10,390 9,950 9,950 9,780 9,620 9,180 9,070 8,630 8,460 8,460 8,030 7,860 7,200 6,930 6,650 6,480 6,210 6,040 5,440 5,110 4,610 4,440 4,280 3,890 3,130 2,750 2,420 1,620 1,290
現行 10,940 10,940 10,670 10,390 10,390 9,950 9,950 9,780 9,350 9,180 9,070 8,630 8,460 8,300 7,860 7,370 7,090 6,930 6,480 6,320 6,210 5,440 5,270 5,110 4,610 4,440 4,110 3,730 2,970 2,580 1,800 1,470 1,200
小倉 小倉
改定 10,940 10,940 10,670 10,390 10,390 9,950 9,950 9,780 9,350 9,180 9,070 8,630 8,460 8,300 7,860 7,370 7,090 6,930 6,480 6,320 6,210 5,440 5,270 5,110 4,610 4,440 4,110 3,730 2,970 2,580 1,800 1,470 1,200
現行 11,270 11,270 11,100 10,670 10,560 10,560 10,390 9,950 9,780 9,780 9,350 9,180 9,070 8,630 8,460 7,860 7,530 7,370 7,200 6,930 6,820 6,210 6,040 5,550 5,440 5,270 5,000 4,440 4,110 3,130 2,750 2,420 1,800 1,620
博多 博多
改定 11,270 11,270 11,100 10,670 10,560 10,560 10,390 9,950 9,780 9,780 9,350 9,180 9,070 8,630 8,460 7,860 7,530 7,370 7,200 6,930 6,820 6,210 6,040 5,550 5,440 5,270 5,000 4,440 4,110 3,130 2,750 2,420 1,800 1,620
現行 12,350 12,350 12,190 11,750 11,590 11,590 11,480 11,030 10,870 10,700 10,270 10,100 10,100 9,710 9,550 8,950 8,100 7,990 7,830 7,660 7,550 6,780 6,670 6,170 6,010 6,010 5,730 5,070 4,740 3,920 3,430 3,210 2,490 1,960 1,070
新鳥栖 新鳥栖
改定 12,350 12,350 12,190 11,750 11,590 11,590 11,480 11,030 10,870 10,700 10,270 10,100 10,100 9,710 9,550 8,950 8,100 7,990 7,830 7,660 7,550 6,780 6,670 6,170 6,010 6,010 5,730 5,070 4,740 3,920 3,430 3,210 2,490 1,960 1,070
現行 12,360 12,360 12,200 11,760 11,600 11,600 11,490 11,040 10,880 10,710 10,440 10,110 10,110 9,720 9,560 8,960 8,110 8,000 8,000 7,670 7,560 6,950 6,680 6,290 6,180 6,020 5,740 5,190 4,750 3,930 3,600 3,220 2,660 2,120 1,170 900
久留米 久留米
改定 12,360 12,360 12,200 11,760 11,600 11,600 11,490 11,040 10,880 10,710 10,440 10,110 10,110 9,720 9,560 8,960 8,110 8,000 8,000 7,670 7,560 6,950 6,680 6,290 6,180 6,020 5,740 5,190 4,750 3,930 3,600 3,220 2,660 2,120 1,170 900
現行 12,390 12,390 12,390 11,790 11,790 11,630 11,630 11,240 11,070 10,910 10,470 10,310 10,140 9,750 9,590 8,990 8,340 8,340 8,230 8,070 7,900 7,180 7,020 6,520 6,410 6,410 6,140 5,420 5,140 4,380 3,830 3,670 2,890 2,350 1,350 1,030 980
筑後船小屋
筑後船小屋
改定 12,390 12,390 12,390 11,790 11,790 11,630 11,630 11,240 11,070 10,910 10,470 10,310 10,140 9,750 9,590 8,990 8,340 8,340 8,230 8,070 7,900 7,180 7,020 6,520 6,410 6,410 6,140 5,420 5,140 4,380 3,830 3,670 2,890 2,350 1,350 1,030 980
現行 12,810 12,810 12,640 12,210 12,040 12,040 11,880 11,490 11,320 11,160 10,720 10,560 10,560 10,110 10,000 9,400 8,760 8,590 8,480 8,480 8,320 7,600 7,430 6,940 6,770 6,770 6,500 5,830 5,560 4,800 4,250 4,080 3,310 2,760 1,690 1,220 1,120 980
新大牟田 新大牟田
改定 12,810 12,810 12,640 12,210 12,040 12,040 11,880 11,490 11,320 11,160 10,720 10,560 10,560 10,110 10,000 9,400 8,760 8,590 8,480 8,480 8,320 7,600 7,430 6,940 6,770 6,770 6,500 5,830 5,560 4,800 4,250 4,080 3,310 2,760 1,690 1,220 1,120 980
現行 12,820 12,820 12,820 12,220 12,220 12,050 12,050 11,610 11,500 11,330 10,900 10,730 10,570 10,120 10,010 9,410 8,770 8,770 8,600 8,490 8,490 7,720 7,610 7,060 6,950 6,950 6,670 6,010 5,680 4,970 4,420 4,260 3,540 2,940 1,960 1,690 1,600 1,170 1,030
新玉名 新玉名
改定 12,820 12,820 12,820 12,220 12,220 12,050 12,050 11,610 11,500 11,330 10,900 10,730 10,570 10,120 10,010 9,410 8,770 8,770 8,600 8,490 8,490 7,720 7,610 7,060 6,950 6,950 6,670 6,010 5,680 4,970 4,420 4,260 3,540 2,940 1,960 1,690 1,600 1,170 1,030
現行 13,390 13,390 13,220 12,790 12,620 12,620 12,460 12,010 11,900 11,900 11,470 11,300 11,140 10,690 10,530 9,980 9,330 9,160 9,160 9,000 8,890 8,390 8,110 7,780 7,620 7,450 7,180 6,680 6,400 5,530 5,200 4,820 4,260 3,720 2,510 1,880 1,880 1,690 1,260 1,070
熊本
改定 13,390 13,390 13,220 12,790 12,620 12,620 12,460 12,010 11,900 11,900 11,470 11,300 11,140 10,690 10,530 9,980 9,330 9,160 9,160 9,000 8,890 8,390 8,110 7,780 7,620 7,450 7,180 6,680 6,400 5,530 5,200 4,820 4,260 3,720 2,510 1,880 1,880 1,690 1,260 1,070
現行 13,510 13,510 13,400 12,970 12,800 12,800 12,640 12,190 12,030 11,920 11,480 11,320 11,320 10,870 10,710 10,160 9,510 9,340 9,180 9,180 9,010 8,570 8,400 7,910 7,800 7,800 7,470 6,800 6,530 5,820 5,380 5,220 4,440 3,900 2,860 2,690 2,510 1,960 1,880 1,690 1,120
新八代 新八代
改定 13,510 13,510 13,400 12,970 12,800 12,800 12,640 12,190 12,030 11,920 11,480 11,320 11,320 10,870 10,710 10,160 9,510 9,340 9,180 9,180 9,010 8,570 8,400 7,910 7,800 7,800 7,470 6,800 6,530 5,820 5,380 5,220 4,440 3,900 2,860 2,690 2,510 1,960 1,880 1,690 1,120
現行 14,080 14,080 13,920 13,540 13,370 13,370 13,210 12,760 12,600 12,430 12,050 11,890 11,890 11,440 11,280 10,680 10,090 9,920 9,920 9,760 9,590 9,260 9,150 8,760 8,600 8,490 8,210 7,490 7,220 6,510 6,240 5,960 5,410 4,860 3,650 3,430 3,210 2,860 2,690 2,510 1,790 1,220
新水俣 新水俣
改定 14,080 14,080 13,920 13,540 13,370 13,370 13,210 12,760 12,600 12,430 12,050 11,890 11,890 11,440 11,280 10,680 10,090 9,920 9,920 9,760 9,590 9,260 9,150 8,760 8,600 8,490 8,210 7,490 7,220 6,510 6,240 5,960 5,410 4,860 3,650 3,430 3,210 2,860 2,690 2,510 1,790 1,220
現行 14,400 14,400 14,400 13,860 13,860 13,690 13,690 13,250 13,080 12,920 12,480 12,370 12,210 11,760 11,600 11,000 10,400 10,230 10,230 10,070 10,070 9,570 9,460 9,070 8,910 8,910 8,630 7,970 7,690 6,990 6,550 6,380 5,720 5,170 4,130 3,650 3,430 3,210 2,860 2,510 1,960 1,600 980
出水
改定 14,400 14,400 14,400 13,860 13,860 13,690 13,690 13,250 13,080 12,920 12,480 12,370 12,210 11,760 11,600 11,000 10,400 10,230 10,230 10,070 10,070 9,570 9,460 9,070 8,910 8,910 8,630 7,970 7,690 6,990 6,550 6,380 5,720 5,170 4,130 3,650 3,430 3,210 2,860 2,510 1,960 1,600 980
現行 14,570 14,570 14,400 13,970 13,860 13,860 13,690 13,410 13,080 13,080 12,650 12,480 12,370 11,930 11,760 11,160 10,510 10,400 10,400 10,230 10,070 9,730 9,570 9,240 9,240 9,070 8,800 8,240 7,970 7,100 6,820 6,550 5,990 5,500 4,520 4,130 4,130 3,650 3,430 3,210 2,690 1,960 1,260 1,120
川内 川内
改定 14,570 14,570 14,400 13,970 13,860 13,860 13,690 13,410 13,080 13,080 12,650 12,480 12,370 11,930 11,760 11,160 10,510 10,400 10,400 10,230 10,070 9,730 9,570 9,240 9,240 9,070 8,800 8,240 7,970 7,100 6,820 6,550 5,990 5,500 4,520 4,130 4,130 3,650 3,430 3,210 2,690 1,960 1,260 1,120
現行 15,100 15,100 14,930 14,500 14,500 14,330 14,330 13,940 13,610 13,610 13,180 13,010 12,850 12,460 12,290 11,690 11,050 10,880 10,880 10,770 10,770 10,270 10,110 9,720 9,720 9,720 9,610 8,890 8,620 7,910 7,470 7,360 6,700 6,150 5,210 5,050 4,830 4,300 4,130 3,650 3,430 2,690 1,960 1,790 1,260
鹿児島中央 鹿児島中央
改定 15,100 15,100 14,930 14,500 14,500 14,330 14,330 13,940 13,610 13,610 13,180 13,010 12,850 12,460 12,290 11,690 11,050 10,880 10,880 10,770 10,770 10,270 10,110 9,720 9,720 9,720 9,610 8,890 8,620 7,910 7,470 7,360 6,700 6,150 5,210 5,050 4,830 4,300 4,130 3,650 3,430 2,690 1,960 1,790 1,260
※通常期にご利用の場合の発売額です。閑散期にご利用の場合は100円引き（東海道・山陽・九州新幹線を跨る区間は200円引き）、繁忙期にご利用の場合は100円を加算（東海道・山陽・九州新幹線を跨る区間は200円を加算）、最繁忙期にご利用の場合は200円を加算（東海道・山陽・九州新幹線を跨る区間は400円を加算）します。
※上記の改定額は予定です。今後変更となる可能性がございます。
熊本
出水
=== page 8
別紙1-3 スマートEXサービス 発売額（単位:円）
■グリーン車用（ひかり・こだま・さくら・つばめ号ご利用時）:おとな1名片道
東京
現行 3,030
品川 品川
改定 3,040
現行 3,370 3,280
新横浜 新横浜
改定 3,370 3,280
現行 4,380 4,200 3,850
小田原 小田原
改定 4,380 4,200 3,850
現行 6,340 4,840 4,200 3,280
熱海 熱海
改定 6,340 4,840 4,200 3,280
現行 6,670 6,670 4,550 3,540 3,190
三島 三島
改定 6,670 6,670 4,550 3,540 3,190
現行 7,770 7,770 7,110 4,030 3,630 3,370
新富士 新富士
改定 7,770 7,770 7,110 4,030 3,630 3,370
現行 8,540 8,540 7,770 4,550 4,200 3,850 3,450
静岡 静岡
改定 8,540 8,540 7,770 4,550 4,200 3,850 3,450
現行 11,460 11,460 11,130 7,770 7,440 7,110 4,380 3,720
掛川 掛川
改定 11,460 11,460 11,130 7,770 7,440 7,110 4,380 3,720
現行 11,900 11,900 11,460 8,210 7,770 7,440 7,110 4,200 3,370
浜松 浜松
改定 11,900 11,900 11,460 8,210 7,770 7,440 7,110 4,200 3,370
現行 12,560 12,560 12,230 11,130 8,540 8,210 7,770 7,110 4,030 3,540
豊橋 豊橋
改定 12,560 12,560 12,230 11,130 8,540 8,210 7,770 7,110 4,030 3,540
現行 13,890 13,890 13,670 11,900 11,460 11,130 8,540 7,770 7,110 4,200 3,630
三河安城 三河安城
改定 13,890 13,890 13,670 11,900 11,460 11,130 8,540 7,770 7,110 4,200 3,630
現行 14,550 14,550 13,890 12,560 12,230 11,900 11,130 8,540 7,440 7,110 4,200 3,340
名古屋 名古屋
改定 14,550 14,550 13,890 12,560 12,230 11,900 11,130 8,540 7,440 7,110 4,200 3,340
現行 14,770 14,770 14,550 13,670 12,560 12,230 11,900 11,130 8,210 7,440 7,110 3,850 3,450
岐阜羽島 岐阜羽島
改定 14,770 14,770 14,550 13,670 12,560 12,230 11,900 11,130 8,210 7,440 7,110 3,850 3,450
現行 17,300 17,300 16,750 14,550 14,220 13,890 12,560 12,230 11,130 8,540 7,770 7,110 4,200 3,720
米原 米原
改定 17,300 17,300 16,750 14,550 14,220 13,890 12,560 12,230 11,130 8,540 7,770 7,110 4,200 3,720
現行 18,520 18,520 17,850 16,970 16,750 14,770 14,550 13,890 12,560 11,900 11,130 8,210 7,770 7,110 4,030
京都 京都
改定 18,520 18,520 17,850 16,970 16,750 14,770 14,550 13,890 12,560 11,900 11,130 8,210 7,770 7,110 4,030
現行 19,070 19,070 18,740 17,520 17,300 16,970 16,750 14,550 13,880 12,560 12,230 11,460 8,540 7,770 7,110 3,430
新大阪 新大阪
改定 19,070 19,070 18,740 17,520 17,300 16,970 16,750 14,550 13,880 12,560 12,230 11,460 8,540 7,770 7,110 3,440
現行 19,620 19,620 19,290 18,520 17,850 17,520 17,300 16,750 14,540 13,880 12,560 11,900 11,460 8,540 7,770 3,960 3,510
新神戸 新神戸
改定 19,620 19,620 19,290 18,520 17,850 17,520 17,300 16,750 14,540 13,880 12,560 11,900 11,460 8,540 7,770 3,970 3,520
現行 21,580 21,580 19,620 18,740 18,520 17,850 17,520 16,970 14,760 14,210 13,660 12,230 11,900 11,130 8,210 4,470 3,800 3,260
西明石 西明石
改定 21,580 21,580 19,620 18,740 18,520 17,850 17,520 16,970 14,760 14,210 13,660 12,230 11,900 11,130 8,210 4,480 3,810 3,270
現行 21,800 21,800 21,580 19,290 18,740 18,740 17,850 17,520 16,750 14,760 14,210 13,660 12,230 11,900 8,540 7,440 4,380 3,850 3,450
姫路 姫路
改定 21,800 21,800 21,580 19,290 18,740 18,740 17,850 17,520 16,750 14,760 14,210 13,660 12,230 11,900 8,540 7,440 4,380 3,850 3,450
現行 21,800 21,800 21,580 19,620 19,290 19,070 18,520 17,850 16,970 16,750 14,540 13,880 12,560 12,230 11,130 7,770 7,110 4,200 3,850 3,280
相生 相生
改定 21,800 21,800 21,580 19,620 19,290 19,070 18,520 17,850 16,970 16,750 14,540 13,880 12,560 12,230 11,130 7,770 7,110 4,200 3,850 3,280
現行 23,000 23,000 22,670 21,800 21,580 21,580 19,620 19,070 18,520 17,520 16,970 14,760 14,540 13,880 12,560 11,130 8,210 7,770 7,440 4,380 4,030
岡山 岡山
改定 23,000 23,000 22,670 21,800 21,580 21,580 19,620 19,070 18,520 17,520 16,970 14,760 14,540 13,880 12,560 11,130 8,210 7,770 7,440 4,380 4,030
現行 23,000 23,000 23,000 21,800 21,800 21,580 21,580 19,290 18,740 18,520 17,520 16,970 14,760 14,540 13,660 11,900 11,130 8,210 7,770 7,110 4,550 3,370
新倉敷 新倉敷
改定 23,000 23,000 23,000 21,800 21,800 21,580 21,580 19,290 18,740 18,520 17,520 16,970 14,760 14,540 13,660 11,900 11,130 8,210 7,770 7,110 4,550 3,370
現行 23,330 23,330 23,330 22,670 22,130 21,800 21,800 21,580 19,290 18,740 17,850 17,300 16,970 14,760 14,210 12,230 11,460 11,130 8,210 7,770 7,440 3,850 3,450
福山 福山
改定 23,330 23,330 23,330 22,670 22,130 21,800 21,800 21,580 19,290 18,740 17,850 17,300 16,970 14,760 14,210 12,230 11,460 11,130 8,210 7,770 7,440 3,850 3,450
現行 25,420 25,420 23,330 23,000 22,670 22,130 21,800 21,580 19,620 19,070 18,520 17,520 17,300 16,750 14,540 12,560 11,900 11,460 8,540 8,210 7,770 4,200 3,850 3,280
新尾道 新尾道
改定 25,420 25,420 23,330 23,000 22,670 22,130 21,800 21,580 19,620 19,070 18,520 17,520 17,300 16,750 14,540 12,560 11,900 11,460 8,540 8,210 7,770 4,200 3,850 3,280
現行 25,420 25,420 23,330 23,000 22,670 22,670 21,800 21,800 19,620 19,290 18,740 17,850 17,300 16,970 14,540 13,660 12,230 11,460 11,130 8,210 7,770 4,380 4,030 3,450 3,100
三原 三原
改定 25,420 25,420 23,330 23,000 22,670 22,670 21,800 21,800 19,620 19,290 18,740 17,850 17,300 16,970 14,540 13,660 12,230 11,460 11,130 8,210 7,770 4,380 4,030 3,450 3,100
現行 25,640 25,640 25,420 23,330 23,000 23,000 22,670 22,130 21,580 21,580 19,290 18,740 17,850 17,520 16,750 14,210 13,660 12,230 11,900 11,130 8,540 7,440 7,110 4,200 3,850 3,540
東広島 東広島
改定 25,640 25,640 25,420 23,330 23,000 23,000 22,670 22,130 21,580 21,580 19,290 18,740 17,850 17,520 16,750 14,210 13,660 12,230 11,900 11,130 8,540 7,440 7,110 4,200 3,850 3,540
現行 25,970 25,970 25,640 25,420 23,330 23,330 23,000 22,670 21,800 21,580 21,580 19,070 18,740 17,850 17,300 14,760 13,880 13,660 12,560 11,900 11,460 8,210 7,440 7,110 4,380 4,200 3,450
広島 広島
改定 25,970 25,970 25,640 25,420 23,330 23,330 23,000 22,670 21,800 21,580 21,580 19,070 18,740 17,850 17,300 14,760 13,880 13,660 12,560 11,900 11,460 8,210 7,440 7,110 4,380 4,200 3,450
現行 26,840 26,840 26,510 25,640 25,420 25,420 23,330 23,000 22,670 21,800 21,800 19,620 19,290 18,740 17,850 16,970 14,540 14,210 13,880 12,560 12,230 11,130 8,210 7,770 7,440 7,110 4,200 3,630
新岩国 新岩国
改定 26,840 26,840 26,510 25,640 25,420 25,420 23,330 23,000 22,670 21,800 21,800 19,620 19,290 18,740 17,850 16,970 14,540 14,210 13,880 12,560 12,230 11,130 8,210 7,770 7,440 7,110 4,200 3,630
現行 27,170 27,170 26,840 25,970 25,970 25,640 25,640 25,420 23,000 23,000 22,130 21,800 21,580 19,620 19,070 17,520 16,970 14,760 14,540 14,210 13,880 11,900 11,460 8,540 8,210 8,210 7,440 4,550 3,850
徳山 徳山
改定 27,170 27,170 26,840 25,970 25,970 25,640 25,640 25,420 23,000 23,000 22,130 21,800 21,580 19,620 19,070 17,520 16,970 14,760 14,540 14,210 13,880 11,900 11,460 8,540 8,210 8,210 7,440 4,550 3,850
現行 28,060 28,060 27,500 26,840 26,840 26,510 25,970 25,640 23,660 23,330 23,000 22,130 21,800 21,580 19,620 18,520 17,520 17,300 16,750 14,760 14,540 12,560 12,230 11,900 11,460 11,130 8,210 7,440 4,550 3,630
新山口 新山口
改定 28,060 28,060 27,500 26,840 26,840 26,510 25,970 25,640 23,660 23,330 23,000 22,130 21,800 21,580 19,620 18,520 17,520 17,300 16,750 14,760 14,540 12,560 12,230 11,900 11,460 11,130 8,210 7,440 4,550 3,630
現行 28,390 28,390 28,060 27,170 27,170 26,840 26,840 25,970 25,420 25,420 23,330 23,000 22,130 21,800 21,580 19,070 18,520 17,520 17,300 16,970 15,090 13,880 13,660 12,230 11,900 11,900 8,870 8,210 7,440 4,200 3,540
厚狭 厚狭
改定 28,390 28,390 28,060 27,170 27,170 26,840 26,840 25,970 25,420 25,420 23,330 23,000 22,130 21,800 21,580 19,070 18,520 17,520 17,300 16,970 15,090 13,880 13,660 12,230 11,900 11,900 8,870 8,210 7,440 4,200 3,540
現行 28,610 28,610 28,390 28,060 27,170 27,170 26,840 26,510 25,640 25,420 23,330 23,000 23,000 22,130 21,800 19,290 18,740 18,180 17,850 17,300 16,970 14,540 13,880 12,890 12,560 12,230 11,460 8,540 7,770 7,110 4,030 3,370
新下関 新下関
改定 28,610 28,610 28,390 28,060 27,170 27,170 26,840 26,510 25,640 25,420 23,330 23,000 23,000 22,130 21,800 19,290 18,740 18,180 17,850 17,300 16,970 14,540 13,880 12,890 12,560 12,230 11,460 8,540 7,770 7,110 4,030 3,370
現行 29,150 29,150 28,610 28,060 28,060 27,170 27,170 26,840 25,970 25,640 25,420 23,330 23,000 22,670 21,800 19,620 19,070 18,740 17,850 17,520 17,300 14,540 14,210 13,880 12,890 12,560 11,900 11,130 8,210 7,440 4,380 3,720 3,190
小倉 小倉
改定 29,150 29,150 28,610 28,060 28,060 27,170 27,170 26,840 25,970 25,640 25,420 23,330 23,000 22,670 21,800 19,620 19,070 18,740 17,850 17,520 17,300 14,540 14,210 13,880 12,890 12,560 11,900 11,130 8,210 7,440 4,380 3,720 3,190
現行 29,810 29,810 29,480 28,610 28,390 28,390 28,060 27,170 26,840 26,840 25,970 25,640 25,420 23,330 23,000 21,800 21,150 19,620 19,290 18,740 18,520 17,300 16,970 14,760 14,540 14,210 13,660 12,560 11,900 8,540 7,770 7,110 4,380 4,030
博多
改定 29,810 29,810 29,480 28,610 28,390 28,390 28,060 27,170 26,840 26,840 25,970 25,640 25,420 23,330 23,000 21,800 21,150 19,620 19,290 18,740 18,520 17,300 16,970 14,760 14,540 14,210 13,660 12,560 11,900 8,540 7,770 7,110 4,380 4,030
現行 32,760 32,760 32,430 31,560 31,230 31,230 31,010 30,120 29,790 29,460 28,590 28,260 28,260 26,280 25,950 24,750 23,600 22,180 21,850 21,520 21,300 19,750 19,530 17,320 16,990 16,990 16,440 15,120 14,460 11,430 10,440 10,000 7,070 6,010 2,930
新鳥栖
新鳥栖
改定 32,760 32,760 32,430 31,560 31,230 31,230 31,010 30,120 29,790 29,460 28,590 28,260 28,260 26,280 25,950 24,750 23,600 22,180 21,850 21,520 21,300 19,750 19,530 17,320 16,990 16,990 16,440 15,120 14,460 11,430 10,440 10,000 7,070 6,010 2,930
現行 32,780 32,780 32,450 31,580 31,250 31,250 31,030 30,140 29,810 29,480 28,940 28,280 28,280 26,300 25,970 24,770 23,620 22,200 22,200 21,540 21,320 20,100 19,550 17,560 17,340 17,010 16,460 15,360 14,480 11,450 10,790 10,020 7,420 6,320 3,120 2,590
久留米 久留米
改定 32,780 32,780 32,450 31,580 31,250 31,250 31,030 30,140 29,810 29,480 28,940 28,280 28,280 26,300 25,970 24,770 23,620 22,200 22,200 21,540 21,320 20,100 19,550 17,560 17,340 17,010 16,460 15,360 14,480 11,450 10,790 10,020 7,420 6,320 3,120 2,590
現行 32,840 32,840 32,840 31,640 31,640 31,310 31,310 30,530 30,200 29,870 29,000 28,670 28,340 26,360 26,030 24,830 24,070 22,870 22,650 22,320 21,990 20,550 20,220 18,010 17,790 17,790 17,240 15,810 15,260 12,340 11,240 10,910 7,870 6,770 3,490 2,840 2,740
筑後船小屋 筑後船小屋
改定 32,840 32,840 32,840 31,640 31,640 31,310 31,310 30,530 30,200 29,870 29,000 28,670 28,340 26,360 26,030 24,830 24,070 22,870 22,650 22,320 21,990 20,550 20,220 18,010 17,790 17,790 17,240 15,810 15,260 12,340 11,240 10,910 7,870 6,770 3,490 2,840 2,740
現行 33,670 33,670 33,340 32,470 32,140 32,140 31,810 31,030 30,700 30,370 29,500 29,170 29,170 27,080 26,860 25,660 24,900 23,370 23,150 23,150 22,820 21,380 21,050 18,840 18,510 18,510 17,960 16,640 16,090 13,170 12,070 11,740 8,700 7,600 4,170 3,220 3,020 2,740
新大牟田
新大牟田
改定 33,670 33,670 33,340 32,470 32,140 32,140 31,810 31,030 30,700 30,370 29,500 29,170 29,170 27,080 26,860 25,660 24,900 23,370 23,150 23,150 22,820 21,380 21,050 18,840 18,510 18,510 17,960 16,640 16,090 13,170 12,070 11,740 8,700 7,600 4,170 3,220 3,020 2,740
現行 33,690 33,690 33,690 32,490 32,490 32,160 32,160 31,270 31,050 30,720 29,850 29,520 29,190 27,100 26,880 25,680 24,920 23,720 23,390 23,170 23,170 21,620 21,400 19,080 18,860 18,860 18,310 16,990 16,330 13,520 12,420 12,090 9,160 7,950 4,710 4,170 3,990 3,120 2,840
新玉名 新玉名
改定 33,690 33,690 33,690 32,490 32,490 32,160 32,160 31,270 31,050 30,720 29,850 29,520 29,190 27,100 26,880 25,680 24,920 23,720 23,390 23,170 23,170 21,620 21,400 19,080 18,860 18,860 18,310 16,990 16,330 13,520 12,420 12,090 9,160 7,950 4,710 4,170 3,990 3,120 2,840
現行 36,320 36,320 35,990 35,120 34,790 34,790 34,460 33,570 33,350 33,350 32,480 32,150 31,820 29,730 29,400 28,310 27,550 26,020 26,020 25,690 25,470 24,470 23,920 22,040 21,710 21,380 20,830 19,840 19,290 16,150 15,490 14,720 12,120 11,020 7,300 4,540 4,540 4,170 3,310 2,930
熊本 熊本
改定 36,320 36,320 35,990 35,120 34,790 34,790 34,460 33,570 33,350 33,350 32,480 32,150 31,820 29,730 29,400 28,310 27,550 26,020 26,020 25,690 25,470 24,470 23,920 22,040 21,710 21,380 20,830 19,840 19,290 16,150 15,490 14,720 12,120 11,020 7,300 4,540 4,540 4,170 3,310 2,930
現行 36,570 36,570 36,350 35,480 35,150 35,150 34,820 33,930 33,600 33,380 32,510 32,180 32,180 30,090 29,760 28,670 27,910 26,380 26,050 26,050 25,720 24,830 24,500 22,290 22,070 22,070 21,410 20,090 19,540 16,730 15,850 15,520 12,480 11,380 7,990 7,660 7,300 4,710 4,540 4,170 3,020
新八代
新八代
改定 36,570 36,570 36,350 35,480 35,150 35,150 34,820 33,930 33,600 33,380 32,510 32,180 32,180 30,090 29,760 28,670 27,910 26,380 26,050 26,050 25,720 24,830 24,500 22,290 22,070 22,070 21,410 20,090 19,540 16,730 15,850 15,520 12,480 11,380 7,990 7,660 7,300 4,710 4,540 4,170 3,020
現行 37,720 37,720 37,390 36,630 36,300 36,300 35,970 35,080 34,750 34,420 33,660 33,330 33,330 31,240 30,910 29,710 29,060 27,530 27,530 27,200 26,870 26,200 25,980 23,990 23,660 23,440 22,890 21,460 20,910 18,100 17,550 17,000 14,400 13,300 9,580 9,140 8,700 7,990 7,660 7,300 4,360 3,220
新水俣 新水俣
改定 37,720 37,720 37,390 36,630 36,300 36,300 35,970 35,080 34,750 34,420 33,660 33,330 33,330 31,240 30,910 29,710 29,060 27,530 27,530 27,200 26,870 26,200 25,980 23,990 23,660 23,440 22,890 21,460 20,910 18,100 17,550 17,000 14,400 13,300 9,580 9,140 8,700 7,990 7,660 7,300 4,360 3,220
現行 39,740 39,740 39,740 38,650 38,650 38,320 38,320 37,430 37,100 36,770 35,900 35,680 35,350 33,260 32,930 31,730 31,080 29,550 29,550 29,220 29,220 28,220 28,000 26,010 25,680 25,680 25,130 23,810 23,260 20,450 19,570 19,240 16,420 15,320 11,930 9,580 9,140 8,700 7,990 7,300 4,710 3,990 2,740
出水 出水
改定 39,740 39,740 39,740 38,650 38,650 38,320 38,320 37,430 37,100 36,770 35,900 35,680 35,350 33,260 32,930 31,730 31,080 29,550 29,550 29,220 29,220 28,220 28,000 26,010 25,680 25,680 25,130 23,810 23,260 20,450 19,570 19,240 16,420 15,320 11,930 9,580 9,140 8,700 7,990 7,300 4,710 3,990 2,740
現行 40,070 40,070 39,740 38,870 38,650 38,650 38,320 37,760 37,100 37,100 36,230 35,900 35,680 33,590 33,260 32,060 31,300 29,880 29,880 29,550 29,220 28,550 28,220 26,340 26,340 26,010 25,460 24,360 23,810 20,670 20,120 19,570 16,970 15,980 12,700 11,930 11,930 9,580 9,140 8,700 7,660 4,710 3,310 3,020
川内
改定 40,070 40,070 39,740 38,870 38,650 38,650 38,320 37,760 37,100 37,100 36,230 35,900 35,680 33,590 33,260 32,060 31,300 29,880 29,880 29,550 29,220 28,550 28,220 26,340 26,340 26,010 25,460 24,360 23,810 20,670 20,120 19,570 16,970 15,980 12,700 11,930 11,930 9,580 9,140 8,700 7,660 4,710 3,310 3,020
現行 41,140 41,140 40,810 39,940 39,940 39,610 39,610 38,830 38,170 38,170 37,300 36,970 36,640 34,660 34,330 33,130 32,370 30,840 30,840 30,620 30,620 29,620 29,290 27,300 27,300 27,300 27,080 25,650 25,100 22,290 21,410 21,190 18,370 17,270 14,100 13,770 13,330 12,260 11,930 9,580 9,140 7,660 4,710 4,360 3,310
鹿児島中央 鹿児島中央
改定 41,140 41,140 40,810 39,940 39,940 39,610 39,610 38,830 38,170 38,170 37,300 36,970 36,640 34,660 34,330 33,130 32,370 30,840 30,840 30,620 30,620 29,620 29,290 27,300 27,300 27,300 27,080 25,650 25,100 22,290 21,410 21,190 18,370 17,270 14,100 13,770 13,330 12,260 11,930 9,580 9,140 7,660 4,710 4,360 3,310
※通常期にご利用の場合の発売額です。閑散期にご利用の場合は、200円引き（東海道・山陽・九州新幹線を跨る区間は400円引き）、繁忙期にご利用の場合は200円を加算（東海道・山陽・九州新幹線を跨る区間は400円を加算）、最繁忙期にご利用の場合は400円を加算（東海道・山陽・九州新幹線を跨る区間は800円を加算）します。
※全区間グリーン車を利用した場合の発売額です。新幹線を乗り継ぐ予約で、一部区間のみグリーン車をご利用の場合は、記載の発売額と異なる場合があります。
※上記の改定額は予定です。今後変更となる可能性がございます。
博多
川内
=== page 9
別紙1-3 スマートEXサービス 発売額（単位:円）
■グリーン車用（ひかり・こだま・さくら・つばめ号ご利用時）:こども1名片道
東京
現行 2,160
品川 品川
改定 2,170
現行 2,330 2,290
新横浜 新横浜
改定 2,330 2,290
現行 2,840 2,750 2,570
小田原 小田原
改定 2,840 2,750 2,570
現行 4,570 3,070 2,750 2,290
熱海 熱海
改定 4,570 3,070 2,750 2,290
現行 4,730 4,730 2,920 2,420 2,240
三島 三島
改定 4,730 4,730 2,920 2,420 2,240
現行 5,280 5,280 4,950 2,660 2,460 2,330
新富士 新富士
改定 5,280 5,280 4,950 2,660 2,460 2,330
現行 5,660 5,660 5,280 2,920 2,750 2,570 2,370
静岡 静岡
改定 5,660 5,660 5,280 2,920 2,750 2,570 2,370
現行 7,820 7,820 7,660 5,280 5,110 4,950 2,840 2,510
掛川 掛川
改定 7,820 7,820 7,660 5,280 5,110 4,950 2,840 2,510
現行 8,040 8,040 7,820 5,500 5,280 5,110 4,950 2,750 2,330
浜松 浜松
改定 8,040 8,040 7,820 5,500 5,280 5,110 4,950 2,750 2,330
現行 8,370 8,370 8,210 7,660 5,660 5,500 5,280 4,950 2,660 2,420
豊橋 豊橋
改定 8,370 8,370 8,210 7,660 5,660 5,500 5,280 4,950 2,660 2,420
現行 9,040 9,040 8,930 8,040 7,820 7,660 5,660 5,280 4,950 2,750 2,460
三河安城 三河安城
改定 9,040 9,040 8,930 8,040 7,820 7,660 5,660 5,280 4,950 2,750 2,460
現行 9,370 9,370 9,040 8,370 8,210 8,040 7,660 5,660 5,110 4,950 2,750 2,320
名古屋 名古屋
改定 9,370 9,370 9,040 8,370 8,210 8,040 7,660 5,660 5,110 4,950 2,750 2,320
現行 9,480 9,480 9,370 8,930 8,370 8,210 8,040 7,660 5,500 5,110 4,950 2,570 2,370
岐阜羽島 岐阜羽島
改定 9,480 9,480 9,370 8,930 8,370 8,210 8,040 7,660 5,500 5,110 4,950 2,570 2,370
現行 11,350 11,350 11,070 9,370 9,200 9,040 8,370 8,210 7,660 5,660 5,280 4,950 2,750 2,510
米原 米原
改定 11,350 11,350 11,070 9,370 9,200 9,040 8,370 8,210 7,660 5,660 5,280 4,950 2,750 2,510
現行 11,960 11,960 11,620 11,180 11,070 9,480 9,370 9,040 8,370 8,040 7,660 5,500 5,280 4,950 2,660
京都 京都
改定 11,960 11,960 11,620 11,180 11,070 9,480 9,370 9,040 8,370 8,040 7,660 5,500 5,280 4,950 2,660
現行 12,230 12,230 12,070 11,460 11,350 11,180 11,070 9,370 9,030 8,370 8,210 7,820 5,660 5,280 4,950 2,360
新大阪 新大阪
改定 12,230 12,230 12,070 11,460 11,350 11,180 11,070 9,370 9,030 8,370 8,210 7,820 5,660 5,280 4,950 2,370
現行 12,510 12,510 12,340 11,960 11,620 11,460 11,350 11,070 9,360 9,030 8,370 8,040 7,820 5,660 5,280 2,630 2,400
新神戸 新神戸
改定 12,510 12,510 12,340 11,960 11,620 11,460 11,350 11,070 9,360 9,030 8,370 8,040 7,820 5,660 5,280 2,630 2,410
現行 14,080 14,080 12,510 12,070 11,960 11,620 11,460 11,180 9,470 9,190 8,920 8,210 8,040 7,660 5,500 2,880 2,550 2,280
西明石 西明石
改定 14,080 14,080 12,510 12,070 11,960 11,620 11,460 11,180 9,470 9,190 8,920 8,210 8,040 7,660 5,500 2,890 2,550 2,280
現行 14,190 14,190 14,080 12,340 12,070 12,070 11,620 11,460 11,070 9,470 9,190 8,920 8,210 8,040 5,660 5,110 2,840 2,570 2,370
姫路 姫路
改定 14,190 14,190 14,080 12,340 12,070 12,070 11,620 11,460 11,070 9,470 9,190 8,920 8,210 8,040 5,660 5,110 2,840 2,570 2,370
小倉
現行 14,190 14,190 14,080 12,510 12,340 12,230 11,960 11,620 11,180 11,070 9,360 9,030 8,370 8,210 7,660 5,280 4,950 2,750 2,570 2,290
相生 相生
改定 14,190 14,190 14,080 12,510 12,340 12,230 11,960 11,620 11,180 11,070 9,360 9,030 8,370 8,210 7,660 5,280 4,950 2,750 2,570 2,290
現行 14,790 14,790 14,630 14,190 14,080 14,080 12,510 12,230 11,960 11,460 11,180 9,470 9,360 9,030 8,370 7,660 5,500 5,280 5,110 2,840 2,660
岡山 岡山
改定 14,790 14,790 14,630 14,190 14,080 14,080 12,510 12,230 11,960 11,460 11,180 9,470 9,360 9,030 8,370 7,660 5,500 5,280 5,110 2,840 2,660
現行 14,790 14,790 14,790 14,190 14,190 14,080 14,080 12,340 12,070 11,960 11,460 11,180 9,470 9,360 8,920 8,040 7,660 5,500 5,280 4,950 2,920 2,330
新倉敷 新倉敷
改定 14,790 14,790 14,790 14,190 14,190 14,080 14,080 12,340 12,070 11,960 11,460 11,180 9,470 9,360 8,920 8,040 7,660 5,500 5,280 4,950 2,920 2,330
現行 14,960 14,960 14,960 14,630 14,360 14,190 14,190 14,080 12,340 12,070 11,620 11,350 11,180 9,470 9,190 8,210 7,820 7,660 5,500 5,280 5,110 2,570 2,370
福山 福山
改定 14,960 14,960 14,960 14,630 14,360 14,190 14,190 14,080 12,340 12,070 11,620 11,350 11,180 9,470 9,190 8,210 7,820 7,660 5,500 5,280 5,110 2,570 2,370
現行 16,600 16,600 14,960 14,790 14,630 14,360 14,190 14,080 12,510 12,230 11,960 11,460 11,350 11,070 9,360 8,370 8,040 7,820 5,660 5,500 5,280 2,750 2,570 2,290
新尾道 新尾道
改定 16,600 16,600 14,960 14,790 14,630 14,360 14,190 14,080 12,510 12,230 11,960 11,460 11,350 11,070 9,360 8,370 8,040 7,820 5,660 5,500 5,280 2,750 2,570 2,290
現行 16,600 16,600 14,960 14,790 14,630 14,630 14,190 14,190 12,510 12,340 12,070 11,620 11,350 11,180 9,360 8,920 8,210 7,820 7,660 5,500 5,280 2,840 2,660 2,370 2,200
三原 三原
改定 16,600 16,600 14,960 14,790 14,630 14,630 14,190 14,190 12,510 12,340 12,070 11,620 11,350 11,180 9,360 8,920 8,210 7,820 7,660 5,500 5,280 2,840 2,660 2,370 2,200
現行 16,710 16,710 16,600 14,960 14,790 14,790 14,630 14,360 14,080 14,080 12,340 12,070 11,620 11,460 11,070 9,190 8,920 8,210 8,040 7,660 5,660 5,110 4,950 2,750 2,570 2,420
東広島 東広島
改定 16,710 16,710 16,600 14,960 14,790 14,790 14,630 14,360 14,080 14,080 12,340 12,070 11,620 11,460 11,070 9,190 8,920 8,210 8,040 7,660 5,660 5,110 4,950 2,750 2,570 2,420
現行 16,880 16,880 16,710 16,600 14,960 14,960 14,790 14,630 14,190 14,080 14,080 12,230 12,070 11,620 11,350 9,470 9,030 8,920 8,370 8,040 7,820 5,500 5,110 4,950 2,840 2,750 2,370
広島 広島
改定 16,880 16,880 16,710 16,600 14,960 14,960 14,790 14,630 14,190 14,080 14,080 12,230 12,070 11,620 11,350 9,470 9,030 8,920 8,370 8,040 7,820 5,500 5,110 4,950 2,840 2,750 2,370
現行 17,310 17,310 17,150 16,710 16,600 16,600 14,960 14,790 14,630 14,190 14,190 12,510 12,340 12,070 11,620 11,180 9,360 9,190 9,030 8,370 8,210 7,660 5,500 5,280 5,110 4,950 2,750 2,460
新岩国 新岩国
改定 17,310 17,310 17,150 16,710 16,600 16,600 14,960 14,790 14,630 14,190 14,190 12,510 12,340 12,070 11,620 11,180 9,360 9,190 9,030 8,370 8,210 7,660 5,500 5,280 5,110 4,950 2,750 2,460
現行 17,480 17,480 17,310 16,880 16,880 16,710 16,710 16,600 14,790 14,790 14,360 14,190 14,080 12,510 12,230 11,460 11,180 9,470 9,360 9,190 9,030 8,040 7,820 5,660 5,500 5,500 5,110 2,920 2,570
徳山 徳山
改定 17,480 17,480 17,310 16,880 16,880 16,710 16,710 16,600 14,790 14,790 14,360 14,190 14,080 12,510 12,230 11,460 11,180 9,470 9,360 9,190 9,030 8,040 7,820 5,660 5,500 5,500 5,110 2,920 2,570
現行 17,920 17,920 17,640 17,310 17,310 17,150 16,880 16,710 15,120 14,960 14,790 14,360 14,190 14,080 12,510 11,960 11,460 11,350 11,070 9,470 9,360 8,370 8,210 8,040 7,820 7,660 5,500 5,110 2,920 2,460
新山口 新山口
改定 17,920 17,920 17,640 17,310 17,310 17,150 16,880 16,710 15,120 14,960 14,790 14,360 14,190 14,080 12,510 11,960 11,460 11,350 11,070 9,470 9,360 8,370 8,210 8,040 7,820 7,660 5,500 5,110 2,920 2,460
現行 18,090 18,090 17,920 17,480 17,480 17,310 17,310 16,880 16,600 16,600 14,960 14,790 14,360 14,190 14,080 12,230 11,960 11,460 11,350 11,180 9,630 9,030 8,920 8,210 8,040 8,040 5,830 5,500 5,110 2,750 2,420
厚狭 厚狭
改定 18,090 18,090 17,920 17,480 17,480 17,310 17,310 16,880 16,600 16,600 14,960 14,790 14,360 14,190 14,080 12,230 11,960 11,460 11,350 11,180 9,630 9,030 8,920 8,210 8,040 8,040 5,830 5,500 5,110 2,750 2,420
現行 18,200 18,200 18,090 17,920 17,480 17,480 17,310 17,150 16,710 16,600 14,960 14,790 14,790 14,360 14,190 12,340 12,070 11,790 11,620 11,350 11,180 9,360 9,030 8,540 8,370 8,210 7,820 5,660 5,280 4,950 2,660 2,330
新下関 新下関
改定 18,200 18,200 18,090 17,920 17,480 17,480 17,310 17,150 16,710 16,600 14,960 14,790 14,790 14,360 14,190 12,340 12,070 11,790 11,620 11,350 11,180 9,360 9,030 8,540 8,370 8,210 7,820 5,660 5,280 4,950 2,660 2,330
現行 18,470 18,470 18,200 17,920 17,920 17,480 17,480 17,310 16,880 16,710 16,600 14,960 14,790 14,630 14,190 12,510 12,230 12,070 11,620 11,460 11,350 9,360 9,190 9,030 8,540 8,370 8,040 7,660 5,500 5,110 2,840 2,510 2,240
小倉
改定 18,470 18,470 18,200 17,920 17,920 17,480 17,480 17,310 16,880 16,710 16,600 14,960 14,790 14,630 14,190 12,510 12,230 12,070 11,620 11,460 11,350 9,360 9,190 9,030 8,540 8,370 8,040 7,660 5,500 5,110 2,840 2,510 2,240
現行 18,800 18,800 18,630 18,200 18,090 18,090 17,920 17,480 17,310 17,310 16,880 16,710 16,600 14,960 14,790 14,190 13,870 12,510 12,340 12,070 11,960 11,350 11,180 9,470 9,360 9,190 8,920 8,370 8,040 5,660 5,280 4,950 2,840 2,660
博多 博多
改定 18,800 18,800 18,630 18,200 18,090 18,090 17,920 17,480 17,310 17,310 16,880 16,710 16,600 14,960 14,790 14,190 13,870 12,510 12,340 12,070 11,960 11,350 11,180 9,470 9,360 9,190 8,920 8,370 8,040 5,660 5,280 4,950 2,840 2,660
現行 20,920 20,920 20,760 20,320 20,160 20,160 20,050 19,600 19,440 19,270 18,840 18,670 18,670 17,080 16,920 16,320 15,740 14,430 14,270 14,100 13,990 13,220 13,110 11,390 11,230 11,230 10,950 10,300 9,970 7,750 7,260 7,040 4,830 4,290 2,110
新鳥栖 新鳥栖
改定 20,920 20,920 20,760 20,320 20,160 20,160 20,050 19,600 19,440 19,270 18,840 18,670 18,670 17,080 16,920 16,320 15,740 14,430 14,270 14,100 13,990 13,220 13,110 11,390 11,230 11,230 10,950 10,300 9,970 7,750 7,260 7,040 4,830 4,290 2,110
現行 20,930 20,930 20,770 20,330 20,170 20,170 20,060 19,610 19,450 19,280 19,010 18,680 18,680 17,090 16,930 16,330 15,750 14,440 14,440 14,110 14,000 13,390 13,120 11,510 11,400 11,240 10,960 10,420 9,980 7,760 7,430 7,050 5,000 4,450 2,210 1,940
久留米
久留米
改定 20,930 20,930 20,770 20,330 20,170 20,170 20,060 19,610 19,450 19,280 19,010 18,680 18,680 17,090 16,930 16,330 15,750 14,440 14,440 14,110 14,000 13,390 13,120 11,510 11,400 11,240 10,960 10,420 9,980 7,760 7,430 7,050 5,000 4,450 2,210 1,940
現行 20,960 20,960 20,960 20,360 20,360 20,200 20,200 19,810 19,640 19,480 19,040 18,880 18,710 17,120 16,960 16,360 15,980 14,780 14,670 14,510 14,340 13,620 13,460 11,740 11,630 11,630 11,360 10,650 10,370 8,210 7,660 7,500 5,230 4,680 2,390 2,070 2,020
筑後船小屋 筑後船小屋
改定 20,960 20,960 20,960 20,360 20,360 20,200 20,200 19,810 19,640 19,480 19,040 18,880 18,710 17,120 16,960 16,360 15,980 14,780 14,670 14,510 14,340 13,620 13,460 11,740 11,630 11,630 11,360 10,650 10,370 8,210 7,660 7,500 5,230 4,680 2,390 2,070 2,020
現行 21,380 21,380 21,210 20,780 20,610 20,610 20,450 20,060 19,890 19,730 19,290 19,130 19,130 17,480 17,370 16,770 16,400 15,030 14,920 14,920 14,760 14,040 13,870 12,160 11,990 11,990 11,720 11,060 10,790 8,630 8,080 7,910 5,650 5,090 2,730 2,260 2,160 2,020
新大牟田 新大牟田
改定 21,380 21,380 21,210 20,780 20,610 20,610 20,450 20,060 19,890 19,730 19,290 19,130 19,130 17,480 17,370 16,770 16,400 15,030 14,920 14,920 14,760 14,040 13,870 12,160 11,990 11,990 11,720 11,060 10,790 8,630 8,080 7,910 5,650 5,090 2,730 2,260 2,160 2,020
現行 21,390 21,390 21,390 20,790 20,790 20,620 20,620 20,180 20,070 19,900 19,470 19,300 19,140 17,490 17,380 16,780 16,410 15,210 15,040 14,930 14,930 14,160 14,050 12,280 12,170 12,170 11,890 11,240 10,910 8,800 8,250 8,090 5,880 5,270 3,000 2,730 2,640 2,210 2,070
新玉名
新玉名
改定 21,390 21,390 21,390 20,790 20,790 20,620 20,620 20,180 20,070 19,900 19,470 19,300 19,140 17,490 17,380 16,780 16,410 15,210 15,040 14,930 14,930 14,160 14,050 12,280 12,170 12,170 11,890 11,240 10,910 8,800 8,250 8,090 5,880 5,270 3,000 2,730 2,640 2,210 2,070
現行 23,450 23,450 23,280 22,850 22,680 22,680 22,520 22,070 21,960 21,960 21,530 21,360 21,200 19,550 19,390 18,840 18,470 17,100 17,100 16,940 16,830 16,330 16,050 14,500 14,340 14,170 13,900 13,410 13,130 10,860 10,530 10,150 8,100 7,550 5,040 2,920 2,920 2,730 2,300 2,110
熊本 熊本
改定 23,450 23,450 23,280 22,850 22,680 22,680 22,520 22,070 21,960 21,960 21,530 21,360 21,200 19,550 19,390 18,840 18,470 17,100 17,100 16,940 16,830 16,330 16,050 14,500 14,340 14,170 13,900 13,410 13,130 10,860 10,530 10,150 8,100 7,550 5,040 2,920 2,920 2,730 2,300 2,110
現行 23,570 23,570 23,460 23,030 22,860 22,860 22,700 22,250 22,090 21,980 21,540 21,380 21,380 19,730 19,570 19,020 18,650 17,280 17,120 17,120 16,950 16,510 16,340 14,630 14,520 14,520 14,190 13,530 13,260 11,150 10,710 10,550 8,280 7,730 5,390 5,220 5,040 3,000 2,920 2,730 2,160
新八代 新八代
改定 23,570 23,570 23,460 23,030 22,860 22,860 22,700 22,250 22,090 21,980 21,540 21,380 21,380 19,730 19,570 19,020 18,650 17,280 17,120 17,120 16,950 16,510 16,340 14,630 14,520 14,520 14,190 13,530 13,260 11,150 10,710 10,550 8,280 7,730 5,390 5,220 5,040 3,000 2,920 2,730 2,160
現行 24,150 24,150 23,990 23,610 23,440 23,440 23,280 22,830 22,670 22,500 22,120 21,960 21,960 20,310 20,150 19,550 19,230 17,860 17,860 17,700 17,530 17,200 17,090 15,480 15,320 15,210 14,930 14,220 13,950 11,840 11,570 11,290 9,250 8,690 6,190 5,970 5,750 5,390 5,220 5,040 2,830 2,260
新水俣
新水俣
改定 24,150 24,150 23,990 23,610 23,440 23,440 23,280 22,830 22,670 22,500 22,120 21,960 21,960 20,310 20,150 19,550 19,230 17,860 17,860 17,700 17,530 17,200 17,090 15,480 15,320 15,210 14,930 14,220 13,950 11,840 11,570 11,290 9,250 8,690 6,190 5,970 5,750 5,390 5,220 5,040 2,830 2,260
現行 25,850 25,850 25,850 25,310 25,310 25,140 25,140 24,700 24,530 24,370 23,930 23,820 23,660 22,010 21,850 21,250 20,930 19,560 19,560 19,400 19,400 18,900 18,790 17,180 17,020 17,020 16,740 16,090 15,810 13,710 13,270 13,100 10,950 10,390 8,050 6,190 5,970 5,750 5,390 5,040 3,000 2,640 2,020
出水 出水
改定 25,850 25,850 25,850 25,310 25,310 25,140 25,140 24,700 24,530 24,370 23,930 23,820 23,660 22,010 21,850 21,250 20,930 19,560 19,560 19,400 19,400 18,900 18,790 17,180 17,020 17,020 16,740 16,090 15,810 13,710 13,270 13,100 10,950 10,390 8,050 6,190 5,970 5,750 5,390 5,040 3,000 2,640 2,020
現行 26,020 26,020 25,850 25,420 25,310 25,310 25,140 24,860 24,530 24,530 24,100 23,930 23,820 22,180 22,010 21,410 21,040 19,730 19,730 19,560 19,400 19,060 18,900 17,350 17,350 17,180 16,910 16,360 16,090 13,820 13,540 13,270 11,220 10,720 8,440 8,050 8,050 6,190 5,970 5,750 5,220 3,000 2,300 2,160
川内 川内
改定 26,020 26,020 25,850 25,420 25,310 25,310 25,140 24,860 24,530 24,530 24,100 23,930 23,820 22,180 22,010 21,410 21,040 19,730 19,730 19,560 19,400 19,060 18,900 17,350 17,350 17,180 16,910 16,360 16,090 13,820 13,540 13,270 11,220 10,720 8,440 8,050 8,050 6,190 5,970 5,750 5,220 3,000 2,300 2,160
現行 26,560 26,560 26,390 25,960 25,960 25,790 25,790 25,400 25,070 25,070 24,640 24,470 24,310 22,720 22,550 21,950 21,580 20,210 20,210 20,100 20,100 19,600 19,440 17,830 17,830 17,830 17,720 17,010 16,740 14,630 14,190 14,080 11,930 11,370 9,140 8,980 8,760 8,220 8,050 6,190 5,970 5,220 3,000 2,830 2,300
鹿児島中央
改定 26,560 26,560 26,390 25,960 25,960 25,790 25,790 25,400 25,070 25,070 24,640 24,470 24,310 22,720 22,550 21,950 21,580 20,210 20,210 20,100 20,100 19,600 19,440 17,830 17,830 17,830 17,720 17,010 16,740 14,630 14,190 14,080 11,930 11,370 9,140 8,980 8,760 8,220 8,050 6,190 5,970 5,220 3,000 2,830 2,300
※通常期にご利用の場合の発売額です。閑散期にご利用の場合は、100円引き（東海道・山陽・九州新幹線を跨る区間は200円引き）、繁忙期にご利用の場合は100円を加算（東海道・山陽・九州新幹線を跨る区間は200円を加算）、最繁忙期にご利用の場合は200円を加算（東海道・山陽・九州新幹線を跨る区間は400円を加算）します。
※全区間グリーン車を利用した場合の発売額です。新幹線を乗り継ぐ予約で、一部区間のみグリーン車をご利用の場合は、記載の発売額と異なる場合があります。
※上記の改定額は予定です。今後変更となる可能性がございます。
鹿児島中央
=== page 10
別紙1-3 スマートEXサービス 発売額（単位:円）
■自由席用:おとな1名片道
東京
現行 1,040
品川 品川
改定 1,050
現行 1,380 1,290
新横浜 新横浜
改定 1,380 1,290
現行 3,280 3,100 1,980
小田原 小田原
改定 3,280 3,100 1,980
現行 3,740 3,740 3,100 1,290
熱海 熱海
改定 3,740 3,740 3,100 1,290
現行 4,070 4,070 3,450 2,440 1,200
三島 三島
改定 4,070 4,070 3,450 2,440 1,200
現行 5,170 5,170 4,510 2,930 2,530 1,380
新富士 新富士
改定 5,170 5,170 4,510 2,930 2,530 1,380
現行 5,940 5,940 5,170 3,450 3,100 1,980 1,460
静岡 静岡
改定 5,940 5,940 5,170 3,450 3,100 1,980 1,460
現行 7,470 7,470 7,140 5,170 4,840 4,510 3,280 1,730
掛川 掛川
改定 7,470 7,470 7,140 5,170 4,840 4,510 3,280 1,730
現行 7,910 7,910 7,470 5,610 5,170 4,840 4,510 2,330 1,380
浜松 浜松
改定 7,910 7,910 7,470 5,610 5,170 4,840 4,510 2,330 1,380
現行 8,570 8,570 8,240 7,140 5,940 5,610 5,170 4,510 2,930 1,550
豊橋 豊橋
改定 8,570 8,570 8,240 7,140 5,940 5,610 5,170 4,510 2,930 1,550
現行 9,900 9,900 9,680 7,910 7,470 7,140 5,940 5,170 4,510 3,100 1,640
三河安城 三河安城
改定 9,900 9,900 9,680 7,910 7,470 7,140 5,940 5,170 4,510 3,100 1,640
現行 10,560 10,560 9,900 8,570 8,240 7,910 7,140 5,940 4,840 4,510 2,330 1,350
名古屋 名古屋
改定 10,560 10,560 9,900 8,570 8,240 7,910 7,140 5,940 4,840 4,510 2,330 1,350
現行 10,780 10,780 10,560 9,680 8,570 8,240 7,910 7,140 5,610 4,840 4,510 2,750 1,460
岐阜羽島 岐阜羽島
改定 10,780 10,780 10,560 9,680 8,570 8,240 7,910 7,140 5,610 4,840 4,510 2,750 1,460
現行 12,100 12,100 11,550 10,560 10,230 9,900 8,570 8,240 7,140 5,940 5,170 4,510 3,100 1,730
米原 米原
改定 12,100 12,100 11,550 10,560 10,230 9,900 8,570 8,240 7,140 5,940 5,170 4,510 3,100 1,730
現行 13,320 13,320 12,650 11,770 11,550 10,780 10,560 9,900 8,570 7,910 7,140 5,610 5,170 4,510 2,160
京都 京都
改定 13,320 13,320 12,650 11,770 11,550 10,780 10,560 9,900 8,570 7,910 7,140 5,610 5,170 4,510 2,160
現行 13,870 13,870 13,540 12,320 12,100 11,770 11,550 10,560 9,890 8,570 8,240 7,470 5,940 5,170 4,510 1,440
新大阪 新大阪
改定 13,870 13,870 13,540 12,320 12,100 11,770 11,550 10,560 9,890 8,570 8,240 7,470 5,940 5,170 4,510 1,450
現行 14,420 14,420 14,090 13,320 12,650 12,320 12,100 11,550 10,550 9,890 8,570 7,910 7,470 5,940 5,170 2,860 1,520
新神戸 新神戸
改定 14,420 14,420 14,090 13,320 12,650 12,320 12,100 11,550 10,550 9,890 8,570 7,910 7,470 5,940 5,170 2,870 1,530
現行 15,180 15,180 14,420 13,540 13,320 12,650 12,320 11,770 10,770 10,220 9,670 8,240 7,910 7,140 5,610 3,370 2,700 1,270
西明石 西明石
改定 15,180 15,180 14,420 13,540 13,320 12,650 12,320 11,770 10,770 10,220 9,670 8,240 7,910 7,140 5,610 3,380 2,710 1,280
現行 15,400 15,400 15,180 14,090 13,540 13,540 12,650 12,320 11,550 10,770 10,220 9,670 8,240 7,910 5,940 4,840 3,280 2,750 1,460
姫路 姫路
改定 15,400 15,400 15,180 14,090 13,540 13,540 12,650 12,320 11,550 10,770 10,220 9,670 8,240 7,910 5,940 4,840 3,280 2,750 1,460
現行 15,400 15,400 15,180 14,420 14,090 13,870 13,320 12,650 11,770 11,550 10,550 9,890 8,570 8,240 7,140 5,170 4,510 3,100 2,750 1,290
相生 相生
改定 15,400 15,400 15,180 14,420 14,090 13,870 13,320 12,650 11,770 11,550 10,550 9,890 8,570 8,240 7,140 5,170 4,510 3,100 2,750 1,290
現行 16,600 16,600 16,270 15,400 15,180 15,180 14,420 13,870 13,320 12,320 11,770 10,770 10,550 9,890 8,570 7,140 5,610 5,170 4,840 3,280 2,160
岡山 岡山
改定 16,600 16,600 16,270 15,400 15,180 15,180 14,420 13,870 13,320 12,320 11,770 10,770 10,550 9,890 8,570 7,140 5,610 5,170 4,840 3,280 2,160
現行 16,600 16,600 16,600 15,400 15,400 15,180 15,180 14,090 13,540 13,320 12,320 11,770 10,770 10,550 9,670 7,910 7,140 5,610 5,170 4,510 3,450 1,380
新倉敷 新倉敷
改定 16,600 16,600 16,600 15,400 15,400 15,180 15,180 14,090 13,540 13,320 12,320 11,770 10,770 10,550 9,670 7,910 7,140 5,610 5,170 4,510 3,450 1,380
現行 16,930 16,930 16,930 16,270 15,730 15,400 15,400 15,180 14,090 13,540 12,650 12,100 11,770 10,770 10,220 8,240 7,470 7,140 5,610 5,170 4,840 2,750 1,460
福山 福山
改定 16,930 16,930 16,930 16,270 15,730 15,400 15,400 15,180 14,090 13,540 12,650 12,100 11,770 10,770 10,220 8,240 7,470 7,140 5,610 5,170 4,840 2,750 1,460
現行 17,830 17,830 16,930 16,600 16,270 15,730 15,400 15,180 14,420 13,870 13,320 12,320 12,100 11,550 10,550 8,570 7,910 7,470 5,940 5,610 5,170 3,100 2,750 1,290
新尾道 新尾道
改定 17,830 17,830 16,930 16,600 16,270 15,730 15,400 15,180 14,420 13,870 13,320 12,320 12,100 11,550 10,550 8,570 7,910 7,470 5,940 5,610 5,170 3,100 2,750 1,290
現行 17,830 17,830 16,930 16,600 16,270 16,270 15,400 15,400 14,420 14,090 13,540 12,650 12,100 11,770 10,550 9,670 8,240 7,470 7,140 5,610 5,170 3,280 2,930 1,460 1,110
三原 三原
改定 17,830 17,830 16,930 16,600 16,270 16,270 15,400 15,400 14,420 14,090 13,540 12,650 12,100 11,770 10,550 9,670 8,240 7,470 7,140 5,610 5,170 3,280 2,930 1,460 1,110
現行 18,050 18,050 17,830 16,930 16,600 16,600 16,270 15,730 15,180 15,180 14,090 13,540 12,650 12,320 11,550 10,220 9,670 8,240 7,910 7,140 5,940 4,840 4,510 3,100 2,750 1,550
東広島 東広島
改定 18,050 18,050 17,830 16,930 16,600 16,600 16,270 15,730 15,180 15,180 14,090 13,540 12,650 12,320 11,550 10,220 9,670 8,240 7,910 7,140 5,940 4,840 4,510 3,100 2,750 1,550
現行 18,380 18,380 18,050 17,830 16,930 16,930 16,600 16,270 15,400 15,180 15,180 13,870 13,540 12,650 12,100 10,770 9,890 9,670 8,570 7,910 7,470 5,610 4,840 4,510 3,280 2,330 1,460
広島 広島
改定 18,380 18,380 18,050 17,830 16,930 16,930 16,600 16,270 15,400 15,180 15,180 13,870 13,540 12,650 12,100 10,770 9,890 9,670 8,570 7,910 7,470 5,610 4,840 4,510 3,280 2,330 1,460
現行 19,250 19,250 18,920 18,050 17,830 17,830 16,930 16,600 16,270 15,400 15,400 14,420 14,090 13,540 12,650 11,770 10,550 10,220 9,890 8,570 8,240 7,140 5,610 5,170 4,840 4,510 3,100 1,640
新岩国 新岩国
改定 19,250 19,250 18,920 18,050 17,830 17,830 16,930 16,600 16,270 15,400 15,400 14,420 14,090 13,540 12,650 11,770 10,550 10,220 9,890 8,570 8,240 7,140 5,610 5,170 4,840 4,510 3,100 1,640
現行 19,580 19,580 19,250 18,380 18,380 18,050 18,050 17,830 16,600 16,600 15,730 15,400 15,180 14,420 13,870 12,320 11,770 10,770 10,550 10,220 9,890 7,910 7,470 5,940 5,610 5,610 4,840 3,450 1,860
徳山 徳山
改定 19,580 19,580 19,250 18,380 18,380 18,050 18,050 17,830 16,600 16,600 15,730 15,400 15,180 14,420 13,870 12,320 11,770 10,770 10,550 10,220 9,890 7,910 7,470 5,940 5,610 5,610 4,840 3,450 1,860
現行 20,470 20,470 19,910 19,250 19,250 18,920 18,380 18,050 17,260 16,930 16,600 15,730 15,400 15,180 14,420 13,320 12,320 12,100 11,550 10,770 10,550 8,570 8,240 7,910 7,470 7,140 5,610 4,840 3,450 1,640
新山口 新山口
改定 20,470 20,470 19,910 19,250 19,250 18,920 18,380 18,050 17,260 16,930 16,600 15,730 15,400 15,180 14,420 13,320 12,320 12,100 11,550 10,770 10,550 8,570 8,240 7,910 7,470 7,140 5,610 4,840 3,450 1,640
現行 20,800 20,800 20,470 19,580 19,580 19,250 19,250 18,380 17,830 17,830 16,930 16,600 15,730 15,400 15,180 13,870 13,320 12,320 12,100 11,770 11,100 9,890 9,670 8,240 7,910 7,910 6,270 5,610 4,840 3,100 1,550
厚狭 厚狭
改定 20,800 20,800 20,470 19,580 19,580 19,250 19,250 18,380 17,830 17,830 16,930 16,600 15,730 15,400 15,180 13,870 13,320 12,320 12,100 11,770 11,100 9,890 9,670 8,240 7,910 7,910 6,270 5,610 4,840 3,100 1,550
現行 21,020 21,020 20,800 20,470 19,580 19,580 19,250 18,920 18,050 17,830 16,930 16,600 16,600 15,730 15,400 14,090 13,540 12,980 12,650 12,100 11,770 10,550 9,890 8,900 8,570 8,240 7,470 5,940 5,170 4,510 2,160 1,380
新下関 新下関
改定 21,020 21,020 20,800 20,470 19,580 19,580 19,250 18,920 18,050 17,830 16,930 16,600 16,600 15,730 15,400 14,090 13,540 12,980 12,650 12,100 11,770 10,550 9,890 8,900 8,570 8,240 7,470 5,940 5,170 4,510 2,160 1,380
現行 21,560 21,560 21,020 20,470 20,470 19,580 19,580 19,250 18,380 18,050 17,830 16,930 16,600 16,270 15,400 14,420 13,870 13,540 12,650 12,320 12,100 10,550 10,220 9,890 8,900 8,570 7,910 7,140 5,610 4,840 3,280 2,620 1,200
小倉 小倉
改定 21,560 21,560 21,020 20,470 20,470 19,580 19,580 19,250 18,380 18,050 17,830 16,930 16,600 16,270 15,400 14,420 13,870 13,540 12,650 12,320 12,100 10,550 10,220 9,890 8,900 8,570 7,910 7,140 5,610 4,840 3,280 2,620 1,200
現行 22,220 22,220 21,890 21,020 20,800 20,800 20,470 19,580 19,250 19,250 18,380 18,050 17,830 16,930 16,600 15,400 14,750 14,420 14,090 13,540 13,320 12,100 11,770 10,770 10,550 10,220 9,670 8,570 7,910 5,940 5,170 4,510 3,280 2,160
博多 博多
改定 22,220 22,220 21,890 21,020 20,800 20,800 20,470 19,580 19,250 19,250 18,380 18,050 17,830 16,930 16,600 15,400 14,750 14,420 14,090 13,540 13,320 12,100 11,770 10,770 10,550 10,220 9,670 8,570 7,910 5,940 5,170 4,510 3,280 2,160
現行 23,480 23,480 23,150 22,280 21,950 21,950 21,730 20,840 20,510 20,180 19,310 18,980 18,980 18,190 17,860 16,660 15,900 15,680 15,350 15,020 14,800 13,250 13,030 12,030 11,700 11,700 11,150 9,830 9,170 7,530 6,540 6,100 4,670 3,610 1,440
新鳥栖 新鳥栖
改定 23,480 23,480 23,150 22,280 21,950 21,950 21,730 20,840 20,510 20,180 19,310 18,980 18,980 18,190 17,860 16,660 15,900 15,680 15,350 15,020 14,800 13,250 13,030 12,030 11,700 11,700 11,150 9,830 9,170 7,530 6,540 6,100 4,670 3,610 1,440
現行 23,500 23,500 23,170 22,300 21,970 21,970 21,750 20,860 20,530 20,200 19,660 19,000 19,000 18,210 17,880 16,680 15,920 15,700 15,700 15,040 14,820 13,600 13,050 12,270 12,050 11,720 11,170 10,070 9,190 7,550 6,890 6,120 5,020 3,920 1,630 1,100
久留米 久留米
改定 23,500 23,500 23,170 22,300 21,970 21,970 21,750 20,860 20,530 20,200 19,660 19,000 19,000 18,210 17,880 16,680 15,920 15,700 15,700 15,040 14,820 13,600 13,050 12,270 12,050 11,720 11,170 10,070 9,190 7,550 6,890 6,120 5,020 3,920 1,630 1,100
現行 23,950 23,950 23,950 22,750 22,750 22,420 22,420 21,640 21,310 20,980 20,110 19,780 19,450 18,660 18,330 17,130 16,370 16,370 16,150 15,820 15,490 14,050 13,720 12,720 12,500 12,500 11,950 10,520 9,970 8,440 7,340 7,010 5,470 4,370 2,390 1,740 1,250
筑後船小屋
改定 23,950 23,950 23,950 22,750 22,750 22,420 22,420 21,640 21,310 20,980 20,110 19,780 19,450 18,660 18,330 17,130 16,370 16,370 16,150 15,820 15,490 14,050 13,720 12,720 12,500 12,500 11,950 10,520 9,970 8,440 7,340 7,010 5,470 4,370 2,390 1,740 1,250
現行 24,780 24,780 24,450 23,580 23,250 23,250 22,920 22,140 21,810 21,480 20,610 20,280 20,280 19,380 19,160 17,960 17,200 16,870 16,650 16,650 16,320 14,880 14,550 13,550 13,220 13,220 12,670 11,350 10,800 9,270 8,170 7,840 6,300 5,200 3,070 2,120 1,920 1,250
新大牟田 新大牟田
改定 24,780 24,780 24,450 23,580 23,250 23,250 22,920 22,140 21,810 21,480 20,610 20,280 20,280 19,380 19,160 17,960 17,200 16,870 16,650 16,650 16,320 14,880 14,550 13,550 13,220 13,220 12,670 11,350 10,800 9,270 8,170 7,840 6,300 5,200 3,070 2,120 1,920 1,250
現行 24,800 24,800 24,800 23,600 23,600 23,270 23,270 22,380 22,160 21,830 20,960 20,630 20,300 19,400 19,180 17,980 17,220 17,220 16,890 16,670 16,670 15,120 14,900 13,790 13,570 13,570 13,020 11,700 11,040 9,620 8,520 8,190 6,760 5,550 3,610 3,070 2,890 2,020 1,350
新玉名 新玉名
改定 24,800 24,800 24,800 23,600 23,600 23,270 23,270 22,380 22,160 21,830 20,960 20,630 20,300 19,400 19,180 17,980 17,220 17,220 16,890 16,670 16,670 15,120 14,900 13,790 13,570 13,570 13,020 11,700 11,040 9,620 8,520 8,190 6,760 5,550 3,610 3,070 2,890 2,020 1,350
現行 25,930 25,930 25,600 24,730 24,400 24,400 24,070 23,180 22,960 22,960 22,090 21,760 21,430 20,530 20,200 19,110 18,350 18,020 18,020 17,690 17,470 16,470 15,920 15,250 14,920 14,590 14,040 13,050 12,500 10,750 10,090 9,320 8,220 7,120 4,700 3,440 3,440 3,070 2,210 1,440
熊本
改定 25,930 25,930 25,600 24,730 24,400 24,400 24,070 23,180 22,960 22,960 22,090 21,760 21,430 20,530 20,200 19,110 18,350 18,020 18,020 17,690 17,470 16,470 15,920 15,250 14,920 14,590 14,040 13,050 12,500 10,750 10,090 9,320 8,220 7,120 4,700 3,440 3,440 3,070 2,210 1,440
現行 26,180 26,180 25,960 25,090 24,760 24,760 24,430 23,540 23,210 22,990 22,120 21,790 21,790 20,890 20,560 19,470 18,710 18,380 18,050 18,050 17,720 16,830 16,500 15,500 15,280 15,280 14,620 13,300 12,750 11,330 10,450 10,120 8,580 7,480 5,390 5,060 4,700 3,610 3,440 3,070 1,530
新八代 新八代
改定 26,180 26,180 25,960 25,090 24,760 24,760 24,430 23,540 23,210 22,990 22,120 21,790 21,790 20,890 20,560 19,470 18,710 18,380 18,050 18,050 17,720 16,830 16,500 15,500 15,280 15,280 14,620 13,300 12,750 11,330 10,450 10,120 8,580 7,480 5,390 5,060 4,700 3,610 3,440 3,070 1,530
現行 27,330 27,330 27,000 26,240 25,910 25,910 25,580 24,690 24,360 24,030 23,270 22,940 22,940 22,040 21,710 20,510 19,860 19,530 19,530 19,200 18,870 18,200 17,980 17,200 16,870 16,650 16,100 14,670 14,120 12,700 12,150 11,600 10,500 9,400 6,980 6,540 6,100 5,390 5,060 4,700 3,260 2,120
新水俣 新水俣
改定 27,330 27,330 27,000 26,240 25,910 25,910 25,580 24,690 24,360 24,030 23,270 22,940 22,940 22,040 21,710 20,510 19,860 19,530 19,530 19,200 18,870 18,200 17,980 17,200 16,870 16,650 16,100 14,670 14,120 12,700 12,150 11,600 10,500 9,400 6,980 6,540 6,100 5,390 5,060 4,700 3,260 2,120
現行 27,960 27,960 27,960 26,870 26,870 26,540 26,540 25,650 25,320 24,990 24,120 23,900 23,570 22,670 22,340 21,140 20,490 20,160 20,160 19,830 19,830 18,830 18,610 17,830 17,500 17,500 16,950 15,630 15,080 13,660 12,780 12,450 11,130 10,030 7,940 6,980 6,540 6,100 5,390 4,700 3,610 2,890 1,640
出水
改定 27,960 27,960 27,960 26,870 26,870 26,540 26,540 25,650 25,320 24,990 24,120 23,900 23,570 22,670 22,340 21,140 20,490 20,160 20,160 19,830 19,830 18,830 18,610 17,830 17,500 17,500 16,950 15,630 15,080 13,660 12,780 12,450 11,130 10,030 7,940 6,980 6,540 6,100 5,390 4,700 3,610 2,890 1,640
現行 28,290 28,290 27,960 27,090 26,870 26,870 26,540 25,980 25,320 25,320 24,450 24,120 23,900 23,000 22,670 21,470 20,710 20,490 20,490 20,160 19,830 19,160 18,830 18,160 18,160 17,830 17,280 16,180 15,630 13,880 13,330 12,780 11,680 10,690 8,710 7,940 7,940 6,980 6,540 6,100 5,060 3,610 2,210 1,920
川内 川内
改定 28,290 28,290 27,960 27,090 26,870 26,870 26,540 25,980 25,320 25,320 24,450 24,120 23,900 23,000 22,670 21,470 20,710 20,490 20,490 20,160 19,830 19,160 18,830 18,160 18,160 17,830 17,280 16,180 15,630 13,880 13,330 12,780 11,680 10,690 8,710 7,940 7,940 6,980 6,540 6,100 5,060 3,610 2,210 1,920
現行 29,360 29,360 29,030 28,160 28,160 27,830 27,830 27,050 26,390 26,390 25,520 25,190 24,860 24,070 23,740 22,540 21,780 21,450 21,450 21,230 21,230 20,230 19,900 19,120 19,120 19,120 18,900 17,470 16,920 15,500 14,620 14,400 13,080 11,980 10,110 9,780 9,340 8,270 7,940 6,980 6,540 5,060 3,610 3,260 1,820
鹿児島中央 鹿児島中央
改定 29,360 29,360 29,030 28,160 28,160 27,830 27,830 27,050 26,390 26,390 25,520 25,190 24,860 24,070 23,740 22,540 21,780 21,450 21,450 21,230 21,230 20,230 19,900 19,120 19,120 19,120 18,900 17,470 16,920 15,500 14,620 14,400 13,080 11,980 10,110 9,780 9,340 8,270 7,940 6,980 6,540 5,060 3,610 3,260 1,820
※上記の改定額は予定です。今後変更となる可能性がございます。
筑後船小屋
熊本
出水
=== page 11
別紙1-3 スマートEXサービス 発売額（単位:円）
■自由席用:こども1名片道
東京
現行 510
品川 品川
改定 520
現行 680 640
新横浜 新横浜
改定 680 640
現行 1,640 1,550 980
小田原 小田原
改定 1,640 1,550 980
現行 1,870 1,870 1,550 640
熱海 熱海
改定 1,870 1,870 1,550 640
現行 2,030 2,030 1,720 1,220 590
三島 三島
改定 2,030 2,030 1,720 1,220 590
現行 2,580 2,580 2,250 1,460 1,260 680
新富士 新富士
改定 2,580 2,580 2,250 1,460 1,260 680
現行 2,960 2,960 2,580 1,720 1,550 980 720
静岡 静岡
改定 2,960 2,960 2,580 1,720 1,550 980 720
現行 3,730 3,730 3,570 2,580 2,410 2,250 1,640 860
掛川 掛川
改定 3,730 3,730 3,570 2,580 2,410 2,250 1,640 860
現行 3,950 3,950 3,730 2,800 2,580 2,410 2,250 1,160 680
浜松 浜松
改定 3,950 3,950 3,730 2,800 2,580 2,410 2,250 1,160 680
現行 4,280 4,280 4,120 3,570 2,960 2,800 2,580 2,250 1,460 770
豊橋 豊橋
改定 4,280 4,280 4,120 3,570 2,960 2,800 2,580 2,250 1,460 770
現行 4,950 4,950 4,840 3,950 3,730 3,570 2,960 2,580 2,250 1,550 810
三河安城 三河安城
改定 4,950 4,950 4,840 3,950 3,730 3,570 2,960 2,580 2,250 1,550 810
現行 5,280 5,280 4,950 4,280 4,120 3,950 3,570 2,960 2,410 2,250 1,160 670
名古屋 名古屋
改定 5,280 5,280 4,950 4,280 4,120 3,950 3,570 2,960 2,410 2,250 1,160 670
現行 5,390 5,390 5,280 4,840 4,280 4,120 3,950 3,570 2,800 2,410 2,250 1,370 720
岐阜羽島 岐阜羽島
改定 5,390 5,390 5,280 4,840 4,280 4,120 3,950 3,570 2,800 2,410 2,250 1,370 720
現行 6,050 6,050 5,770 5,280 5,110 4,950 4,280 4,120 3,570 2,960 2,580 2,250 1,550 860
米原 米原
改定 6,050 6,050 5,770 5,280 5,110 4,950 4,280 4,120 3,570 2,960 2,580 2,250 1,550 860
現行 6,660 6,660 6,320 5,880 5,770 5,390 5,280 4,950 4,280 3,950 3,570 2,800 2,580 2,250 1,070
京都 京都
改定 6,660 6,660 6,320 5,880 5,770 5,390 5,280 4,950 4,280 3,950 3,570 2,800 2,580 2,250 1,070
現行 6,930 6,930 6,770 6,160 6,050 5,880 5,770 5,280 4,940 4,280 4,120 3,730 2,960 2,580 2,250 710
新大阪 新大阪
改定 6,930 6,930 6,770 6,160 6,050 5,880 5,770 5,280 4,940 4,280 4,120 3,730 2,960 2,580 2,250 720
現行 7,210 7,210 7,040 6,660 6,320 6,160 6,050 5,770 5,270 4,940 4,280 3,950 3,730 2,960 2,580 1,430 750
新神戸 新神戸
改定 7,210 7,210 7,040 6,660 6,320 6,160 6,050 5,770 5,270 4,940 4,280 3,950 3,730 2,960 2,580 1,430 760
現行 7,580 7,580 7,210 6,770 6,660 6,320 6,160 5,880 5,380 5,100 4,830 4,120 3,950 3,570 2,800 1,680 1,350 630
西明石 西明石
改定 7,580 7,580 7,210 6,770 6,660 6,320 6,160 5,880 5,380 5,100 4,830 4,120 3,950 3,570 2,800 1,690 1,350 630
現行 7,690 7,690 7,580 7,040 6,770 6,770 6,320 6,160 5,770 5,380 5,100 4,830 4,120 3,950 2,960 2,410 1,640 1,370 720
姫路 姫路
改定 7,690 7,690 7,580 7,040 6,770 6,770 6,320 6,160 5,770 5,380 5,100 4,830 4,120 3,950 2,960 2,410 1,640 1,370 720
現行 7,690 7,690 7,580 7,210 7,040 6,930 6,660 6,320 5,880 5,770 5,270 4,940 4,280 4,120 3,570 2,580 2,250 1,550 1,370 640
相生 相生
改定 7,690 7,690 7,580 7,210 7,040 6,930 6,660 6,320 5,880 5,770 5,270 4,940 4,280 4,120 3,570 2,580 2,250 1,550 1,370 640
現行 8,290 8,290 8,130 7,690 7,580 7,580 7,210 6,930 6,660 6,160 5,880 5,380 5,270 4,940 4,280 3,570 2,800 2,580 2,410 1,640 1,070
岡山 岡山
改定 8,290 8,290 8,130 7,690 7,580 7,580 7,210 6,930 6,660 6,160 5,880 5,380 5,270 4,940 4,280 3,570 2,800 2,580 2,410 1,640 1,070
現行 8,290 8,290 8,290 7,690 7,690 7,580 7,580 7,040 6,770 6,660 6,160 5,880 5,380 5,270 4,830 3,950 3,570 2,800 2,580 2,250 1,720 680
新倉敷 新倉敷
改定 8,290 8,290 8,290 7,690 7,690 7,580 7,580 7,040 6,770 6,660 6,160 5,880 5,380 5,270 4,830 3,950 3,570 2,800 2,580 2,250 1,720 680
現行 8,460 8,460 8,460 8,130 7,860 7,690 7,690 7,580 7,040 6,770 6,320 6,050 5,880 5,380 5,100 4,120 3,730 3,570 2,800 2,580 2,410 1,370 720
福山 福山
改定 8,460 8,460 8,460 8,130 7,860 7,690 7,690 7,580 7,040 6,770 6,320 6,050 5,880 5,380 5,100 4,120 3,730 3,570 2,800 2,580 2,410 1,370 720
現行 8,910 8,910 8,460 8,290 8,130 7,860 7,690 7,580 7,210 6,930 6,660 6,160 6,050 5,770 5,270 4,280 3,950 3,730 2,960 2,800 2,580 1,550 1,370 640
新尾道 新尾道
改定 8,910 8,910 8,460 8,290 8,130 7,860 7,690 7,580 7,210 6,930 6,660 6,160 6,050 5,770 5,270 4,280 3,950 3,730 2,960 2,800 2,580 1,550 1,370 640
現行 8,910 8,910 8,460 8,290 8,130 8,130 7,690 7,690 7,210 7,040 6,770 6,320 6,050 5,880 5,270 4,830 4,120 3,730 3,570 2,800 2,580 1,640 1,460 720 550
三原 三原
改定 8,910 8,910 8,460 8,290 8,130 8,130 7,690 7,690 7,210 7,040 6,770 6,320 6,050 5,880 5,270 4,830 4,120 3,730 3,570 2,800 2,580 1,640 1,460 720 550
現行 9,020 9,020 8,910 8,460 8,290 8,290 8,130 7,860 7,580 7,580 7,040 6,770 6,320 6,160 5,770 5,100 4,830 4,120 3,950 3,570 2,960 2,410 2,250 1,550 1,370 770
東広島 東広島
改定 9,020 9,020 8,910 8,460 8,290 8,290 8,130 7,860 7,580 7,580 7,040 6,770 6,320 6,160 5,770 5,100 4,830 4,120 3,950 3,570 2,960 2,410 2,250 1,550 1,370 770
現行 9,190 9,190 9,020 8,910 8,460 8,460 8,290 8,130 7,690 7,580 7,580 6,930 6,770 6,320 6,050 5,380 4,940 4,830 4,280 3,950 3,730 2,800 2,410 2,250 1,640 1,160 720
広島 広島
改定 9,190 9,190 9,020 8,910 8,460 8,460 8,290 8,130 7,690 7,580 7,580 6,930 6,770 6,320 6,050 5,380 4,940 4,830 4,280 3,950 3,730 2,800 2,410 2,250 1,640 1,160 720
現行 9,620 9,620 9,460 9,020 8,910 8,910 8,460 8,290 8,130 7,690 7,690 7,210 7,040 6,770 6,320 5,880 5,270 5,100 4,940 4,280 4,120 3,570 2,800 2,580 2,410 2,250 1,550 810
新岩国 新岩国
改定 9,620 9,620 9,460 9,020 8,910 8,910 8,460 8,290 8,130 7,690 7,690 7,210 7,040 6,770 6,320 5,880 5,270 5,100 4,940 4,280 4,120 3,570 2,800 2,580 2,410 2,250 1,550 810
現行 9,790 9,790 9,620 9,190 9,190 9,020 9,020 8,910 8,290 8,290 7,860 7,690 7,580 7,210 6,930 6,160 5,880 5,380 5,270 5,100 4,940 3,950 3,730 2,960 2,800 2,800 2,410 1,720 920
徳山 徳山
改定 9,790 9,790 9,620 9,190 9,190 9,020 9,020 8,910 8,290 8,290 7,860 7,690 7,580 7,210 6,930 6,160 5,880 5,380 5,270 5,100 4,940 3,950 3,730 2,960 2,800 2,800 2,410 1,720 920
現行 10,230 10,230 9,950 9,620 9,620 9,460 9,190 9,020 8,620 8,460 8,290 7,860 7,690 7,580 7,210 6,660 6,160 6,050 5,770 5,380 5,270 4,280 4,120 3,950 3,730 3,570 2,800 2,410 1,720 810
新山口 新山口
改定 10,230 10,230 9,950 9,620 9,620 9,460 9,190 9,020 8,620 8,460 8,290 7,860 7,690 7,580 7,210 6,660 6,160 6,050 5,770 5,380 5,270 4,280 4,120 3,950 3,730 3,570 2,800 2,410 1,720 810
現行 10,400 10,400 10,230 9,790 9,790 9,620 9,620 9,190 8,910 8,910 8,460 8,290 7,860 7,690 7,580 6,930 6,660 6,160 6,050 5,880 5,540 4,940 4,830 4,120 3,950 3,950 3,130 2,800 2,410 1,550 770
厚狭 厚狭
改定 10,400 10,400 10,230 9,790 9,790 9,620 9,620 9,190 8,910 8,910 8,460 8,290 7,860 7,690 7,580 6,930 6,660 6,160 6,050 5,880 5,540 4,940 4,830 4,120 3,950 3,950 3,130 2,800 2,410 1,550 770
現行 10,510 10,510 10,400 10,230 9,790 9,790 9,620 9,460 9,020 8,910 8,460 8,290 8,290 7,860 7,690 7,040 6,770 6,490 6,320 6,050 5,880 5,270 4,940 4,450 4,280 4,120 3,730 2,960 2,580 2,250 1,070 680
新下関 新下関
改定 10,510 10,510 10,400 10,230 9,790 9,790 9,620 9,460 9,020 8,910 8,460 8,290 8,290 7,860 7,690 7,040 6,770 6,490 6,320 6,050 5,880 5,270 4,940 4,450 4,280 4,120 3,730 2,960 2,580 2,250 1,070 680
現行 10,780 10,780 10,510 10,230 10,230 9,790 9,790 9,620 9,190 9,020 8,910 8,460 8,290 8,130 7,690 7,210 6,930 6,770 6,320 6,160 6,050 5,270 5,100 4,940 4,450 4,280 3,950 3,570 2,800 2,410 1,640 1,310 590
小倉 小倉
改定 10,780 10,780 10,510 10,230 10,230 9,790 9,790 9,620 9,190 9,020 8,910 8,460 8,290 8,130 7,690 7,210 6,930 6,770 6,320 6,160 6,050 5,270 5,100 4,940 4,450 4,280 3,950 3,570 2,800 2,410 1,640 1,310 590
現行 11,110 11,110 10,940 10,510 10,400 10,400 10,230 9,790 9,620 9,620 9,190 9,020 8,910 8,460 8,290 7,690 7,370 7,210 7,040 6,770 6,660 6,050 5,880 5,380 5,270 5,100 4,830 4,280 3,950 2,960 2,580 2,250 1,640 1,070
博多 博多
改定 11,110 11,110 10,940 10,510 10,400 10,400 10,230 9,790 9,620 9,620 9,190 9,020 8,910 8,460 8,290 7,690 7,370 7,210 7,040 6,770 6,660 6,050 5,880 5,380 5,270 5,100 4,830 4,280 3,950 2,960 2,580 2,250 1,640 1,070
現行 11,730 11,730 11,570 11,130 10,970 10,970 10,860 10,410 10,250 10,080 9,650 9,480 9,480 9,080 8,920 8,320 7,940 7,830 7,670 7,500 7,390 6,620 6,510 6,000 5,840 5,840 5,560 4,910 4,580 3,750 3,260 3,040 2,330 1,790 710
新鳥栖 新鳥栖
改定 11,730 11,730 11,570 11,130 10,970 10,970 10,860 10,410 10,250 10,080 9,650 9,480 9,480 9,080 8,920 8,320 7,940 7,830 7,670 7,500 7,390 6,620 6,510 6,000 5,840 5,840 5,560 4,910 4,580 3,750 3,260 3,040 2,330 1,790 710
現行 11,740 11,740 11,580 11,140 10,980 10,980 10,870 10,420 10,260 10,090 9,820 9,490 9,490 9,090 8,930 8,330 7,950 7,840 7,840 7,510 7,400 6,790 6,520 6,120 6,010 5,850 5,570 5,030 4,590 3,760 3,430 3,050 2,500 1,950 810 540
久留米 久留米
改定 11,740 11,740 11,580 11,140 10,980 10,980 10,870 10,420 10,260 10,090 9,820 9,490 9,490 9,090 8,930 8,330 7,950 7,840 7,840 7,510 7,400 6,790 6,520 6,120 6,010 5,850 5,570 5,030 4,590 3,760 3,430 3,050 2,500 1,950 810 540
現行 11,970 11,970 11,970 11,370 11,370 11,210 11,210 10,820 10,650 10,490 10,050 9,890 9,720 9,320 9,160 8,560 8,180 8,180 8,070 7,910 7,740 7,020 6,860 6,350 6,240 6,240 5,970 5,260 4,980 4,210 3,660 3,500 2,730 2,180 1,190 870 620
筑後船小屋 筑後船小屋
改定 11,970 11,970 11,970 11,370 11,370 11,210 11,210 10,820 10,650 10,490 10,050 9,890 9,720 9,320 9,160 8,560 8,180 8,180 8,070 7,910 7,740 7,020 6,860 6,350 6,240 6,240 5,970 5,260 4,980 4,210 3,660 3,500 2,730 2,180 1,190 870 620
現行 12,390 12,390 12,220 11,790 11,620 11,620 11,460 11,070 10,900 10,740 10,300 10,140 10,140 9,680 9,570 8,970 8,600 8,430 8,320 8,320 8,160 7,440 7,270 6,770 6,600 6,600 6,330 5,670 5,400 4,630 4,080 3,910 3,150 2,590 1,530 1,060 960 620
新大牟田 新大牟田
改定 12,390 12,390 12,220 11,790 11,620 11,620 11,460 11,070 10,900 10,740 10,300 10,140 10,140 9,680 9,570 8,970 8,600 8,430 8,320 8,320 8,160 7,440 7,270 6,770 6,600 6,600 6,330 5,670 5,400 4,630 4,080 3,910 3,150 2,590 1,530 1,060 960 620
現行 12,400 12,400 12,400 11,800 11,800 11,630 11,630 11,190 11,080 10,910 10,480 10,310 10,150 9,690 9,580 8,980 8,610 8,610 8,440 8,330 8,330 7,560 7,450 6,890 6,780 6,780 6,500 5,850 5,520 4,800 4,250 4,090 3,380 2,770 1,800 1,530 1,440 1,010 670
新玉名 新玉名
改定 12,400 12,400 12,400 11,800 11,800 11,630 11,630 11,190 11,080 10,910 10,480 10,310 10,150 9,690 9,580 8,980 8,610 8,610 8,440 8,330 8,330 7,560 7,450 6,890 6,780 6,780 6,500 5,850 5,520 4,800 4,250 4,090 3,380 2,770 1,800 1,530 1,440 1,010 670
現行 12,960 12,960 12,790 12,360 12,190 12,190 12,030 11,580 11,470 11,470 11,040 10,870 10,710 10,250 10,090 9,540 9,170 9,000 9,000 8,840 8,730 8,230 7,950 7,610 7,450 7,280 7,010 6,520 6,240 5,360 5,030 4,650 4,100 3,550 2,340 1,720 1,720 1,530 1,100 710
熊本 熊本
改定 12,960 12,960 12,790 12,360 12,190 12,190 12,030 11,580 11,470 11,470 11,040 10,870 10,710 10,250 10,090 9,540 9,170 9,000 9,000 8,840 8,730 8,230 7,950 7,610 7,450 7,280 7,010 6,520 6,240 5,360 5,030 4,650 4,100 3,550 2,340 1,720 1,720 1,530 1,100 710
現行 13,080 13,080 12,970 12,540 12,370 12,370 12,210 11,760 11,600 11,490 11,050 10,890 10,890 10,430 10,270 9,720 9,350 9,180 9,020 9,020 8,850 8,410 8,240 7,740 7,630 7,630 7,300 6,640 6,370 5,650 5,210 5,050 4,280 3,730 2,690 2,520 2,340 1,800 1,720 1,530 760
新八代 新八代
改定 13,080 13,080 12,970 12,540 12,370 12,370 12,210 11,760 11,600 11,490 11,050 10,890 10,890 10,430 10,270 9,720 9,350 9,180 9,020 9,020 8,850 8,410 8,240 7,740 7,630 7,630 7,300 6,640 6,370 5,650 5,210 5,050 4,280 3,730 2,690 2,520 2,340 1,800 1,720 1,530 760
現行 13,660 13,660 13,500 13,120 12,950 12,950 12,790 12,340 12,180 12,010 11,630 11,470 11,470 11,010 10,850 10,250 9,930 9,760 9,760 9,600 9,430 9,100 8,990 8,590 8,430 8,320 8,040 7,330 7,060 6,340 6,070 5,790 5,250 4,690 3,490 3,270 3,050 2,690 2,520 2,340 1,630 1,060
新水俣 新水俣
改定 13,660 13,660 13,500 13,120 12,950 12,950 12,790 12,340 12,180 12,010 11,630 11,470 11,470 11,010 10,850 10,250 9,930 9,760 9,760 9,600 9,430 9,100 8,990 8,590 8,430 8,320 8,040 7,330 7,060 6,340 6,070 5,790 5,250 4,690 3,490 3,270 3,050 2,690 2,520 2,340 1,630 1,060
現行 13,970 13,970 13,970 13,430 13,430 13,260 13,260 12,820 12,650 12,490 12,050 11,940 11,780 11,320 11,160 10,560 10,240 10,070 10,070 9,910 9,910 9,410 9,300 8,900 8,740 8,740 8,460 7,810 7,530 6,820 6,380 6,210 5,560 5,000 3,960 3,490 3,270 3,050 2,690 2,340 1,800 1,440 820
出水 出水
改定 13,970 13,970 13,970 13,430 13,430 13,260 13,260 12,820 12,650 12,490 12,050 11,940 11,780 11,320 11,160 10,560 10,240 10,070 10,070 9,910 9,910 9,410 9,300 8,900 8,740 8,740 8,460 7,810 7,530 6,820 6,380 6,210 5,560 5,000 3,960 3,490 3,270 3,050 2,690 2,340 1,800 1,440 820
現行 14,140 14,140 13,970 13,540 13,430 13,430 13,260 12,980 12,650 12,650 12,220 12,050 11,940 11,490 11,320 10,720 10,350 10,240 10,240 10,070 9,910 9,570 9,410 9,070 9,070 8,900 8,630 8,080 7,810 6,930 6,650 6,380 5,830 5,330 4,350 3,960 3,960 3,490 3,270 3,050 2,520 1,800 1,100 960
川内 川内
改定 14,140 14,140 13,970 13,540 13,430 13,430 13,260 12,980 12,650 12,650 12,220 12,050 11,940 11,490 11,320 10,720 10,350 10,240 10,240 10,070 9,910 9,570 9,410 9,070 9,070 8,900 8,630 8,080 7,810 6,930 6,650 6,380 5,830 5,330 4,350 3,960 3,960 3,490 3,270 3,050 2,520 1,800 1,100 960
現行 14,680 14,680 14,510 14,080 14,080 13,910 13,910 13,520 13,190 13,190 12,760 12,590 12,430 12,030 11,860 11,260 10,890 10,720 10,720 10,610 10,610 10,110 9,950 9,550 9,550 9,550 9,440 8,730 8,460 7,740 7,300 7,190 6,540 5,980 5,050 4,890 4,670 4,130 3,960 3,490 3,270 2,520 1,800 1,630 900
鹿児島中央 鹿児島中央
改定 14,680 14,680 14,510 14,080 14,080 13,910 13,910 13,520 13,190 13,190 12,760 12,590 12,430 12,030 11,860 11,260 10,890 10,720 10,720 10,610 10,610 10,110 9,950 9,550 9,550 9,550 9,440 8,730 8,460 7,740 7,300 7,190 6,540 5,980 5,050 4,890 4,670 4,130 3,960 3,490 3,270 2,520 1,800 1,630 900
※上記の改定額は予定です。今後変更となる可能性がございます。
=== page 12
1-4 スマートEXサービス（往復割引）発売額（単位:円）
■普通車指定席（のぞみ・みずほ号ご利用時）:おとな1名片道
東京
品川 新横浜 名古屋 京都 新大阪
現行 15,060 15,060
西明石
改定 15,170 15,170
現行 15,250 15,250 15,060
姫路
改定 15,360 15,360 15,170
現行 16,390 16,390 16,090
岡山
改定 16,500 16,500 16,200
現行 16,690 16,690 16,690
福山
改定 17,010 17,010 17,010
現行 18,050 18,050 17,750
広島
改定 18,370 18,370 18,070
現行 19,290 19,290 18,990 15,060
徳山
改定 19,710 19,710 19,410 15,480
現行 20,150 20,150 19,590 15,250
新山口
改定 20,570 20,570 20,010 15,670
現行 21,180 21,180 20,640 16,390
小倉
改定 21,600 21,600 21,060 16,810
現行 21,780 21,780 21,480 17,550 15,150 14,420
博多
改定 22,200 22,200 21,900 17,970 15,570 14,840
※東海道・山陽新幹線の全区間にて「のぞみ」「みずほ」を利用した場合の発売額です。新幹線を乗り継ぐ予約で、一部区間のみ「のぞみ」「みずほ」をご利用の場合は、記載の発売額と異
なる場合があります。
※通常期にご利用の場合の発売額です。閑散期にご利用の場合は200円引き、繁忙期にご利用の場合は200円を加算、最繁忙期にご利用の場合は400円を加算します。
※上記の改定額は予定です。今後変更となる可能性がございます。
=== page 13
1-4 スマートEXサービス（往復割引）発売額（単位:円）
■普通車指定席（のぞみ・みずほ号ご利用時）:こども1名片道
東京 品川 新横浜 京都 新大阪 名古屋
現行 7,520 7,520
西明石
改定 7,580 7,580
現行 7,620 7,620 7,520
姫路
改定 7,680 7,680 7,580
現行 8,180 8,180 8,040
岡山
改定 8,240 8,240 8,100
現行 8,340 8,340 8,340
福山
改定 8,500 8,500 8,500
現行 9,020 9,020 8,870
広島
改定 9,180 9,180 9,030
現行 9,640 9,640 9,490 7,520
徳山
改定 9,850 9,850 9,700 7,730
現行 10,060 10,060 9,780 7,620
新山口
改定 10,270 10,270 9,990 7,830
現行 10,580 10,580 10,310 8,180
小倉
改定 10,790 10,790 10,520 8,390
現行 10,880 10,880 10,730 8,770 7,570 7,200
博多
改定 11,090 11,090 10,940 8,980 7,780 7,410
※東海道・山陽新幹線の全区間にて「のぞみ」「みずほ」を利用した場合の発売額です。新幹線を乗り継ぐ予約で、一部区間のみ「のぞみ」「みずほ」をご利用の場合は、記載の発売額と異
なる場合があります。
※通常期にご利用の場合の発売額です。閑散期にご利用の場合は100円引き、繁忙期にご利用の場合は100円を加算、最繁忙期にご利用の場合は200円を加算します。
※上記の改定額は予定です。今後変更となる可能性がございます。
=== page 14
1-4 スマートEXサービス（往復割引）発売額（単位:円）
■グリーン車用（のぞみ・みずほ号ご利用時）:おとな1名片道
名古屋 東京 品川 新横浜 京都 新大阪
現行 21,130 21,130
西明石
改定 21,240 21,240
現行 21,320 21,320 21,130
姫路
改定 21,430 21,430 21,240
現行 22,460 22,460 22,160
岡山
改定 22,570 22,570 22,270
現行 22,760 22,760 22,760
福山
改定 23,080 23,080 23,080
現行 25,310 25,310 25,010
広島
改定 25,630 25,630 25,330
現行 26,550 26,550 26,250 21,130
徳山
改定 26,970 26,970 26,670 21,550
現行 27,410 27,410 26,850 21,320
新山口
改定 27,830 27,830 27,270 21,740
現行 28,440 28,440 27,900 22,460
小倉
改定 28,860 28,860 28,320 22,880
現行 29,040 29,040 28,740 24,810 21,220 20,490
博多
改定 29,460 29,460 29,160 25,230 21,640 20,910
※東海道・山陽新幹線の全区間にて「のぞみ」「みずほ」を利用した場合の発売額です。新幹線を乗り継ぐ予約で、一部区間のみ「のぞみ」「みずほ」をご利用の場合は、記載の発売額と異
なる場合があります。
※通常期にご利用の場合の発売額です。閑散期にご利用の場合は200円引き、繁忙期にご利用の場合は200円を加算、最繁忙期にご利用の場合は400円を加算します。
※全区間グリーン車を利用した場合の発売額です。新幹線を乗り継ぐ予約で、一部区間のみグリーン車をご利用の場合は、記載の発売額と異なる場合があります。
※上記の改定額は予定です。今後変更となる可能性がございます。
=== page 15
1-4 スマートEXサービス（往復割引）発売額（単位:円）
■グリーン車用（のぞみ・みずほ号ご利用時）:こども1名片道
東京 品川 新横浜 名古屋 京都 新大阪
現行 13,860 13,860
西明石
改定 13,910 13,910
現行 13,960 13,960 13,860
姫路
改定 14,010 14,010 13,910
現行 14,520 14,520 14,380
岡山
改定 14,570 14,570 14,430
現行 14,680 14,680 14,680
福山
改定 14,840 14,840 14,840
現行 16,540 16,540 16,390
広島
改定 16,700 16,700 16,550
現行 17,170 17,170 17,020 13,860
徳山
改定 17,380 17,380 17,230 14,070
現行 17,590 17,590 17,310 13,960
新山口
改定 17,800 17,800 17,520 14,170
現行 18,110 18,110 17,840 14,520
小倉
改定 18,320 18,320 18,050 14,730
現行 18,410 18,410 18,260 16,290 13,910 13,540
博多
改定 18,620 18,620 18,470 16,500 14,120 13,750
※東海道・山陽新幹線の全区間にて「のぞみ」「みずほ」を利用した場合の発売額です。新幹線を乗り継ぐ予約で、一部区間のみ「のぞみ」「みずほ」をご利用の場合は、記載の発売額と異
なる場合があります。
※通常期にご利用の場合の発売額です。閑散期にご利用の場合は100円引き、繁忙期にご利用の場合は100円を加算、最繁忙期にご利用の場合は200円を加算します。
※全区間グリーン車を利用した場合の発売額です。新幹線を乗り継ぐ予約で、一部区間のみグリーン車をご利用の場合は、記載の発売額と異なる場合があります。
※上記の改定額は予定です。今後変更となる可能性がございます。
=== page 16
1-5 スマートEXサービス（往復割引）発売額（単位:円）
■普通車指定席（ひかり・こだま・さくら・つばめ号ご利用時）:おとな1名片道
■普通車指定席（ひかり・こだま・さくら・つばめ号ご利用時）:こども1名片道
■グリーン車用（ひかり・こだま・さくら・つばめ号ご利用時）:おとな1名片道
■グリーン車用（ひかり・こだま・さくら・つばめ号ご利用時）:こども1名片道
■自由席用:おとな1名片道
■自由席用:こども1名片道
現行の価格から変更の予定はございません。
